# snapshot x y z [kpc/h]
   0.00000    0.00493    0.00029    0.00005
   1.00000   -0.00230   -0.00930    0.00196
   2.00000   -0.00252    0.00390   -0.00937
   3.00000   -0.00818   -0.01188    0.00013
   4.00000   -0.01248   -0.00769   -0.00557
   5.00000   -0.02212    0.02079    0.00050
   6.00000   -0.04410    0.01519   -0.00506
   7.00000   -0.04429    0.02318   -0.01072
   8.00000   -0.05034    0.02905    0.00821
   9.00000   -0.04042    0.02383   -0.00510
  10.00000   -0.04653    0.03633    0.00421
  11.00000   -0.07081    0.03533    0.02725
  12.00000   -0.09059    0.01855    0.01706
  13.00000   -0.09871    0.02381    0.01734
  14.00000   -0.12560    0.01299    0.01285
  15.00000   -0.14629    0.01210    0.00661
  16.00000   -0.15639    0.01742    0.00977
  17.00000   -0.16815    0.02835    0.00897
  18.00000   -0.21847    0.00930    0.01104
  19.00000   -0.24123   -0.02380    0.01046
  20.00000   -0.26851   -0.03145    0.01885
  21.00000   -0.30505   -0.04379    0.02579
  22.00000   -0.30368   -0.02149    0.02128
  23.00000   -0.34573   -0.02542    0.01391
  24.00000   -0.38857   -0.02533    0.03018
  25.00000   -0.39609   -0.02601    0.04482
  26.00000   -0.44272   -0.02410    0.03366
  27.00000   -0.46716   -0.04808    0.05293
  28.00000   -0.49371   -0.06072    0.04314
  29.00000   -0.54802   -0.08280    0.05593
  30.00000   -0.58929   -0.09659    0.03620
  31.00000   -0.63184   -0.10524    0.02390
  32.00000   -0.67141   -0.11421    0.03645
  33.00000   -0.73024   -0.11078    0.05376
  34.00000   -0.77052   -0.12655    0.04679
  35.00000   -0.81889   -0.13065    0.04558
  36.00000   -0.84184   -0.12561    0.05937
  37.00000   -0.88511   -0.11226    0.03971
  38.00000   -0.95125   -0.13597    0.05547
  39.00000   -0.99738   -0.16156    0.04825
  40.00000   -1.04144   -0.17234    0.03950
  41.00000   -1.09146   -0.19844    0.03023
  42.00000   -1.16513   -0.20901    0.02277
  43.00000   -1.22386   -0.21829    0.04401
  44.00000   -1.28567   -0.23133    0.04365
  45.00000   -1.37337   -0.24233    0.04317
  46.00000   -1.46923   -0.25602    0.04135
  47.00000   -1.54546   -0.29533    0.03647
  48.00000   -1.58315   -0.29433    0.02642
  49.00000   -1.65216   -0.31822    0.00717
  50.00000   -1.72876   -0.33390    0.02029
  51.00000   -1.79623   -0.36626    0.03347
  52.00000   -1.86499   -0.38838    0.02978
  53.00000   -1.94691   -0.40708    0.03955
  54.00000   -2.01921   -0.39480    0.03591
  55.00000   -2.11098   -0.41953    0.04106
  56.00000   -2.18112   -0.44328    0.04012
  57.00000   -2.27579   -0.45806    0.05804
  58.00000   -2.37442   -0.49436    0.04780
  59.00000   -2.44482   -0.52414    0.03959
  60.00000   -2.50469   -0.57559    0.04926
  61.00000   -2.59866   -0.59877    0.05328
  62.00000   -2.68045   -0.64444    0.05082
  63.00000   -2.77626   -0.67236    0.06570
  64.00000   -2.87659   -0.69677    0.08677
  65.00000   -2.96813   -0.72450    0.07248
  66.00000   -3.06959   -0.76422    0.07942
  67.00000   -3.17147   -0.80129    0.08251
  68.00000   -3.26100   -0.84685    0.09656
  69.00000   -3.35208   -0.87000    0.08258
  70.00000   -3.45785   -0.91640    0.07997
  71.00000   -3.56684   -0.94694    0.07045
  72.00000   -3.67087   -1.00725    0.08245
  73.00000   -3.81421   -1.05349    0.07080
  74.00000   -3.92535   -1.08831    0.08158
  75.00000   -4.02788   -1.14804    0.05895
  76.00000   -4.14967   -1.19605    0.08655
  77.00000   -4.26281   -1.23269    0.07031
  78.00000   -4.38274   -1.29353    0.07248
  79.00000   -4.53013   -1.37686    0.08340
  80.00000   -4.66470   -1.44391    0.07093
  81.00000   -4.76792   -1.51399    0.09039
  82.00000   -4.89762   -1.58234    0.05857
  83.00000   -5.03140   -1.63816    0.06864
  84.00000   -5.17059   -1.69386    0.06308
  85.00000   -5.29827   -1.74745    0.06701
  86.00000   -5.46499   -1.83425    0.05479
  87.00000   -5.58447   -1.91896    0.04817
  88.00000   -5.71575   -1.98370    0.06654
  89.00000   -5.86406   -2.07358    0.06836
  90.00000   -6.01068   -2.14564    0.05863
  91.00000   -6.16010   -2.22909    0.10055
  92.00000   -6.32535   -2.33342    0.09333
  93.00000   -6.45286   -2.40441    0.07346
  94.00000   -6.60469   -2.50723    0.09434
  95.00000   -6.76737   -2.61820    0.08306
  96.00000   -6.92673   -2.76095    0.07994
  97.00000   -7.08334   -2.89548    0.06873
  98.00000   -7.24841   -2.99979    0.06978
  99.00000   -7.44439   -3.13072    0.09220
 100.00000   -7.62069   -3.28707    0.08127
 101.00000   -7.79380   -3.43053    0.10268
 102.00000   -7.98197   -3.56068    0.10427
 103.00000   -8.16695   -3.73873    0.10809
 104.00000   -8.33808   -3.94112    0.09332
 105.00000   -8.48113   -4.12265    0.11185
 106.00000   -8.65805   -4.32769    0.09741
 107.00000   -8.84644   -4.55034    0.10024
 108.00000   -9.03315   -4.81285    0.09912
 109.00000   -9.18327   -5.08166    0.10992
 110.00000   -9.33853   -5.35909    0.11433
 111.00000   -9.46949   -5.64222    0.12406
 112.00000   -9.60155   -5.91701    0.12396
 113.00000   -9.71142   -6.22436    0.13480
 114.00000   -9.78000   -6.53376    0.12001
 115.00000   -9.84806   -6.84387    0.13432
 116.00000   -9.87611   -7.16250    0.12784
 117.00000   -9.88672   -7.48595    0.15719
 118.00000   -9.86852   -7.78987    0.15106
 119.00000   -9.87327   -8.09117    0.14735
 120.00000   -9.83956   -8.38307    0.15240
 121.00000   -9.80501   -8.66068    0.16928
 122.00000   -9.78569   -8.93313    0.15879
 123.00000   -9.74392   -9.15190    0.13615
 124.00000   -9.71285   -9.36865    0.15368
 125.00000   -9.65390   -9.59578    0.13472
 126.00000   -9.60254   -9.78854    0.13901
 127.00000   -9.56621   -9.97498    0.12970
 128.00000   -9.49583  -10.17325    0.12875
 129.00000   -9.46181  -10.33785    0.12337
 130.00000   -9.43291  -10.47687    0.13366
 131.00000   -9.38932  -10.61769    0.13745
 132.00000   -9.33834  -10.73882    0.15305
 133.00000   -9.31614  -10.85879    0.13751
 134.00000   -9.27139  -10.96095    0.12816
 135.00000   -9.23945  -11.05579    0.12486
 136.00000   -9.20531  -11.16295    0.14694
 137.00000   -9.16195  -11.24332    0.13089
 138.00000   -9.11930  -11.31561    0.13190
 139.00000   -9.09885  -11.37383    0.13413
 140.00000   -9.05457  -11.43668    0.15394
 141.00000   -9.02108  -11.48931    0.16589
 142.00000   -8.99730  -11.52697    0.14359
 143.00000   -8.95475  -11.56824    0.15527
 144.00000   -8.90377  -11.59319    0.16398
 145.00000   -8.84998  -11.61833    0.16074
 146.00000   -8.81425  -11.62968    0.16709
 147.00000   -8.77283  -11.64416    0.16938
 148.00000   -8.74097  -11.65502    0.17865
 149.00000   -8.73708  -11.67474    0.18141
 150.00000   -8.69261  -11.68166    0.18480
 151.00000   -8.65551  -11.67634    0.19382
 152.00000   -8.63354  -11.70107    0.19931
 153.00000   -8.59022  -11.68956    0.18524
 154.00000   -8.55019  -11.66748    0.18628
 155.00000   -8.54166  -11.67172    0.21357
 156.00000   -8.49172  -11.65708    0.20669
 157.00000   -8.45297  -11.63550    0.19330
 158.00000   -8.43999  -11.60725    0.19940
 159.00000   -8.41335  -11.55225    0.22210
 160.00000   -8.37783  -11.52520    0.23410
 161.00000   -8.35879  -11.51785    0.21957
 162.00000   -8.32281  -11.48072    0.24668
 163.00000   -8.29144  -11.44146    0.25114
 164.00000   -8.24681  -11.40566    0.24008
 165.00000   -8.21384  -11.35200    0.24968
 166.00000   -8.19628  -11.31438    0.25342
 167.00000   -8.15933  -11.26606    0.25214
 168.00000   -8.12745  -11.21693    0.24000
 169.00000   -8.11200  -11.17454    0.23817
 170.00000   -8.09619  -11.10786    0.26600
 171.00000   -8.06412  -11.03870    0.24310
 172.00000   -8.05881  -10.98313    0.24691
 173.00000   -8.05668  -10.91762    0.26762
 174.00000   -8.03790  -10.85810    0.26532
 175.00000   -8.02798  -10.76644    0.25758
 176.00000   -8.01563  -10.66882    0.24308
 177.00000   -8.01551  -10.56383    0.25391
 178.00000   -8.01731  -10.43651    0.26117
 179.00000   -8.02863  -10.29682    0.26309
 180.00000   -8.09218  -10.12013    0.26086
 181.00000   -8.21309   -9.95824    0.28648
 182.00000   -8.36043   -9.81432    0.30258
 183.00000   -8.55447   -9.65218    0.29812
 184.00000   -8.79032   -9.50855    0.29123
 185.00000   -9.01267   -9.45220    0.31093
 186.00000   -9.22809   -9.42327    0.28657
 187.00000   -9.43210   -9.42028    0.31081
 188.00000   -9.59255   -9.45132    0.29838
 189.00000   -9.73433   -9.48453    0.30787
 190.00000   -9.83410   -9.53658    0.30947
 191.00000   -9.91468   -9.60880    0.31528
 192.00000   -9.97125   -9.66613    0.31221
 193.00000   -9.99588   -9.75501    0.30713
 194.00000  -10.01389   -9.83613    0.30446
 195.00000  -10.02032   -9.93385    0.32485
 196.00000   -9.99411  -10.03279    0.32098
 197.00000   -9.96433  -10.11938    0.30534
 198.00000   -9.94810  -10.24107    0.32243
 199.00000   -9.88457  -10.38045    0.32716
 200.00000   -9.84117  -10.49741    0.32423
 201.00000   -9.80721  -10.62659    0.33113
 202.00000   -9.74021  -10.76254    0.34235
 203.00000   -9.69485  -10.88284    0.34535
 204.00000   -9.63941  -11.04504    0.33944
 205.00000   -9.56354  -11.18142    0.36766
 206.00000   -9.50603  -11.32603    0.37122
 207.00000   -9.44329  -11.48348    0.35288
 208.00000   -9.41180  -11.64190    0.37841
 209.00000   -9.35625  -11.84634    0.36602
 210.00000   -9.31404  -12.03160    0.36423
 211.00000   -9.27445  -12.18996    0.37697
 212.00000   -9.19978  -12.37519    0.36699
 213.00000   -9.08140  -12.54402    0.37093
 214.00000   -8.96789  -12.75290    0.38163
 215.00000   -8.77011  -12.95872    0.37058
 216.00000   -8.52049  -13.07381    0.37891
 217.00000   -8.34686  -13.13128    0.37233
 218.00000   -8.24872  -13.14439    0.38703
 219.00000   -8.21942  -13.19382    0.38704
 220.00000   -8.23188  -13.25049    0.40185
 221.00000   -8.27779  -13.29066    0.39814
 222.00000   -8.34220  -13.33926    0.38695
 223.00000   -8.40974  -13.37607    0.39407
 224.00000   -8.47898  -13.40524    0.39308
 225.00000   -8.55794  -13.38816    0.38773
 226.00000   -8.66618  -13.36091    0.39007
 227.00000   -8.76391  -13.32691    0.39402
 228.00000   -8.88553  -13.27551    0.40493
 229.00000   -8.99647  -13.21373    0.40388
 230.00000   -9.12124  -13.15040    0.41377
 231.00000   -9.29273  -13.10381    0.42784
 232.00000   -9.46923  -13.05144    0.43209
 233.00000   -9.60829  -13.02072    0.44157
 234.00000   -9.67605  -13.07832    0.42227
 235.00000   -9.69288  -13.11377    0.43824
 236.00000   -9.69496  -13.17095    0.44597
 237.00000   -9.63834  -13.28487    0.44579
 238.00000   -9.58658  -13.40286    0.45721
 239.00000   -9.53824  -13.54959    0.44747
 240.00000   -9.45414  -13.66754    0.44915
 241.00000   -9.35712  -13.80029    0.45958
 242.00000   -9.25720  -13.92598    0.45314
 243.00000   -9.16483  -14.05575    0.44695
 244.00000   -9.09696  -14.14305    0.44342
 245.00000   -9.06441  -14.23029    0.45926
 246.00000   -9.07221  -14.28801    0.45364
 247.00000   -9.09739  -14.35724    0.48068
 248.00000   -9.13172  -14.40636    0.46918
 249.00000   -9.17936  -14.41641    0.47567
 250.00000   -9.26666  -14.44921    0.48498
 251.00000   -9.33129  -14.48353    0.46468
 252.00000   -9.31900  -14.51565    0.48875
 253.00000   -9.29544  -14.58331    0.49581
 254.00000   -9.25197  -14.66905    0.48166
 255.00000   -9.20184  -14.74511    0.48849
 256.00000   -9.14995  -14.85725    0.50058
 257.00000   -9.12338  -14.91607    0.50055
 258.00000   -9.13148  -14.95834    0.50102
 259.00000   -9.13407  -15.01291    0.53318
 260.00000   -9.12962  -15.04391    0.51113
 261.00000   -9.13952  -15.10901    0.53361
 262.00000   -9.14888  -15.13778    0.52987
 263.00000   -9.14196  -15.19894    0.53993
 264.00000   -9.13887  -15.28559    0.53538
 265.00000   -9.11523  -15.32058    0.54035
 266.00000   -9.09593  -15.37545    0.54043
 267.00000   -9.08125  -15.43517    0.53538
 268.00000   -9.08736  -15.46924    0.54062
 269.00000   -9.10371  -15.53830    0.54741
 270.00000   -9.09520  -15.55775    0.55475
 271.00000   -9.08095  -15.62451    0.55330
 272.00000   -9.07466  -15.69456    0.57673
 273.00000   -9.05268  -15.75388    0.58094
 274.00000   -9.01299  -15.81005    0.58479
 275.00000   -9.00135  -15.84952    0.58283
 276.00000   -8.96515  -15.91138    0.59262
 277.00000   -8.97502  -15.97618    0.59574
 278.00000   -8.96384  -16.03020    0.59831
 279.00000   -8.91801  -16.10570    0.60594
 280.00000   -8.87601  -16.15586    0.61818
 281.00000   -8.83252  -16.18992    0.60460
 282.00000   -8.79226  -16.25318    0.62679
 283.00000   -8.76082  -16.29998    0.63666
 284.00000   -8.74636  -16.34519    0.63428
 285.00000   -8.75399  -16.41063    0.65232
 286.00000   -8.73243  -16.43935    0.63229
 287.00000   -8.69046  -16.48180    0.63712
 288.00000   -8.67860  -16.55190    0.63883
 289.00000   -8.63876  -16.60184    0.65553
 290.00000   -8.61314  -16.63064    0.64582
 291.00000   -8.57395  -16.69483    0.67068
 292.00000   -8.55166  -16.73323    0.66914
 293.00000   -8.53450  -16.77317    0.65166
 294.00000   -8.49531  -16.81160    0.66253
 295.00000   -8.49234  -16.85138    0.67073
 296.00000   -8.46419  -16.87889    0.67698
 297.00000   -8.45646  -16.91244    0.66992
 298.00000   -8.46139  -16.94290    0.67877
 299.00000   -8.42466  -16.98281    0.67369
 300.00000   -8.43386  -17.02399    0.67874
 301.00000   -8.42583  -17.04458    0.69285
 302.00000   -8.42427  -17.10436    0.67902
 303.00000   -8.40861  -17.12224    0.70273
 304.00000   -8.37139  -17.15621    0.70013
 305.00000   -8.34550  -17.20309    0.71036
 306.00000   -8.30607  -17.23709    0.70537
 307.00000   -8.29852  -17.26336    0.71631
 308.00000   -8.29017  -17.27999    0.71720
 309.00000   -8.28531  -17.29797    0.72356
 310.00000   -8.28793  -17.35155    0.72282
 311.00000   -8.28540  -17.39239    0.72710
 312.00000   -8.30039  -17.45217    0.73552
 313.00000   -8.28888  -17.49201    0.73925
 314.00000   -8.27571  -17.54176    0.73945
 315.00000   -8.26403  -17.57871    0.74244
 316.00000   -8.25313  -17.64226    0.75347
 317.00000   -8.23818  -17.69254    0.74813
 318.00000   -8.23620  -17.73128    0.76129
 319.00000   -8.23068  -17.78494    0.76043
 320.00000   -8.22871  -17.83054    0.77040
 321.00000   -8.22531  -17.87605    0.78439
 322.00000   -8.22621  -17.92523    0.77877
 323.00000   -8.22750  -17.97274    0.78666
 324.00000   -8.24250  -18.03561    0.79254
 325.00000   -8.26057  -18.09745    0.78787
 326.00000   -8.24507  -18.15219    0.79806
 327.00000   -8.27260  -18.20850    0.79710
 328.00000   -8.25549  -18.24331    0.81927
 329.00000   -8.24091  -18.30158    0.80538
 330.00000   -8.24113  -18.35641    0.81921
 331.00000   -8.23463  -18.40311    0.82147
 332.00000   -8.26244  -18.47265    0.82302
 333.00000   -8.26774  -18.51273    0.83701
 334.00000   -8.26461  -18.56722    0.82494
 335.00000   -8.27768  -18.61013    0.84458
 336.00000   -8.26759  -18.65812    0.84419
 337.00000   -8.24972  -18.70603    0.85049
 338.00000   -8.25270  -18.76612    0.84943
 339.00000   -8.26176  -18.80893    0.87075
 340.00000   -8.23645  -18.88865    0.86454
 341.00000   -8.24308  -18.92472    0.88621
 342.00000   -8.23987  -18.98731    0.87822
 343.00000   -8.22128  -19.04082    0.88933
 344.00000   -8.21693  -19.08927    0.89787
 345.00000   -8.21389  -19.13210    0.89935
 346.00000   -8.23520  -19.17574    0.90323
 347.00000   -8.21993  -19.23451    0.91274
 348.00000   -8.24043  -19.27791    0.92312
 349.00000   -8.21909  -19.31471    0.91845
 350.00000   -8.22099  -19.35890    0.92514
 351.00000   -8.20999  -19.41283    0.92754
 352.00000   -8.20859  -19.46490    0.93086
 353.00000   -8.21331  -19.49382    0.93322
 354.00000   -8.21610  -19.55390    0.92643
 355.00000   -8.21453  -19.57442    0.94349
 356.00000   -8.23287  -19.61277    0.94600
 357.00000   -8.21250  -19.65173    0.95613
 358.00000   -8.21940  -19.67911    0.96113
 359.00000   -8.21123  -19.74023    0.95525
 360.00000   -8.22073  -19.76573    0.97161
 361.00000   -8.20450  -19.81982    0.96985
 362.00000   -8.23518  -19.86708    0.99626
 363.00000   -8.21191  -19.88869    0.97478
 364.00000   -8.22755  -19.93956    0.99380
 365.00000   -8.21085  -19.96496    1.00296
 366.00000   -8.21503  -20.02419    0.99899
 367.00000   -8.22820  -20.04495    1.01203
 368.00000   -8.21455  -20.10227    1.01724
 369.00000   -8.23082  -20.10233    1.01101
 370.00000   -8.23333  -20.15575    1.02929
 371.00000   -8.21778  -20.16165    1.03266
 372.00000   -8.23439  -20.20366    1.04204
 373.00000   -8.22570  -20.24400    1.03452
 374.00000   -8.23996  -20.27823    1.04744
 375.00000   -8.21702  -20.33549    1.05899
 376.00000   -8.23070  -20.34143    1.07435
 377.00000   -8.22215  -20.37399    1.06966
 378.00000   -8.21350  -20.39731    1.09251
 379.00000   -8.21692  -20.43485    1.07664
 380.00000   -8.21062  -20.44784    1.10112
 381.00000   -8.20848  -20.48394    1.09407
 382.00000   -8.19830  -20.52203    1.10790
 383.00000   -8.19568  -20.55334    1.11047
 384.00000   -8.18438  -20.59118    1.12655
 385.00000   -8.19263  -20.61817    1.12568
 386.00000   -8.20296  -20.66623    1.12947
 387.00000   -8.18275  -20.69610    1.13343
 388.00000   -8.19687  -20.72715    1.13270
 389.00000   -8.19259  -20.73603    1.13785
 390.00000   -8.19209  -20.78886    1.14730
 391.00000   -8.20114  -20.81780    1.14796
 392.00000   -8.19061  -20.83917    1.16215
 393.00000   -8.20165  -20.88832    1.15444
 394.00000   -8.19561  -20.90268    1.17224
 395.00000   -8.20484  -20.92651    1.16461
 396.00000   -8.19460  -20.97226    1.18544
 397.00000   -8.19574  -20.96982    1.19199
 398.00000   -8.19146  -21.00883    1.19684
 399.00000   -8.19828  -21.04380    1.20934
 400.00000   -8.19423  -21.08551    1.21468
 401.00000   -8.19423  -21.08551    1.21468
