# snapshot x y z [kpc/h]
   0.00000    0.00493    0.00029    0.00005
   1.00000   -0.00160   -0.00930    0.00198
   2.00000    0.00030    0.00390   -0.00930
   3.00000   -0.00182   -0.01167    0.00031
   4.00000   -0.00144   -0.00735   -0.00518
   5.00000   -0.00440    0.02147    0.00094
   6.00000   -0.01896    0.01592   -0.00483
   7.00000   -0.01003    0.02494   -0.00996
   8.00000   -0.00534    0.02975    0.00942
   9.00000    0.01549    0.02515   -0.00491
  10.00000    0.02195    0.03709    0.00523
  11.00000    0.01223    0.04028    0.02821
  12.00000    0.00983    0.02205    0.01772
  13.00000    0.01415    0.02709    0.01876
  14.00000    0.01026    0.01478    0.01643
  15.00000    0.00339    0.02173    0.00447
  16.00000    0.02082    0.02259    0.01436
  17.00000    0.03334    0.03821    0.01196
  18.00000    0.00251    0.02279    0.00972
  19.00000    0.00679   -0.00499    0.01917
  20.00000    0.00864   -0.01808    0.01504
  21.00000    0.00924   -0.01607    0.03215
  22.00000    0.01856   -0.00354    0.02244
  23.00000    0.02197    0.01001    0.01414
  24.00000    0.02250    0.00899    0.03745
  25.00000    0.01697    0.01286    0.04075
  26.00000    0.02823    0.00443    0.03897
  27.00000    0.03955    0.00867    0.05045
  28.00000    0.03588   -0.01422    0.05797
  29.00000    0.04026   -0.01946    0.05500
  30.00000    0.03480   -0.03378    0.03381
  31.00000    0.02935   -0.04540    0.02551
  32.00000    0.04825   -0.02661    0.04893
  33.00000    0.04027   -0.03502    0.05687
  34.00000    0.03464   -0.02028    0.04203
  35.00000    0.03359   -0.02284    0.05343
  36.00000    0.06153   -0.00484    0.05648
  37.00000    0.06658   -0.00427    0.05806
  38.00000    0.06230   -0.00058    0.05922
  39.00000    0.07181   -0.01881    0.04225
  40.00000    0.07735   -0.03487    0.04028
  41.00000    0.09247   -0.04405    0.03200
  42.00000    0.09197   -0.02514    0.04055
  43.00000    0.08778   -0.02413    0.04080
  44.00000    0.05844   -0.02394    0.04140
  45.00000    0.05244   -0.03833    0.05070
  46.00000    0.04105   -0.03548    0.05097
  47.00000    0.05175   -0.03835    0.02683
  48.00000    0.05067   -0.02896    0.02889
  49.00000    0.04454   -0.02781    0.03346
  50.00000    0.06138   -0.04378    0.03150
  51.00000    0.06748   -0.04101    0.01976
  52.00000    0.06835   -0.05062    0.04816
  53.00000    0.06378   -0.04880    0.04708
  54.00000    0.06672   -0.04200    0.03754
  55.00000    0.06599   -0.02283    0.04715
  56.00000    0.04492   -0.01028    0.05233
  57.00000    0.05902   -0.01032    0.05521
  58.00000    0.06142   -0.01129    0.05403
  59.00000    0.08988   -0.03129    0.03637
  60.00000    0.08319   -0.02852    0.06256
  61.00000    0.09064   -0.04098    0.05998
  62.00000    0.09813   -0.04597    0.06770
  63.00000    0.10224   -0.04775    0.07432
  64.00000    0.09461   -0.05215    0.09319
  65.00000    0.09583   -0.03971    0.08677
  66.00000    0.08789   -0.04639    0.08583
  67.00000    0.10245   -0.04076    0.08885
  68.00000    0.11584   -0.04600    0.09691
  69.00000    0.13930   -0.04454    0.09254
  70.00000    0.12338   -0.03026    0.10140
  71.00000    0.12336   -0.03865    0.08861
  72.00000    0.12226   -0.03354    0.08245
  73.00000    0.10756   -0.02959    0.08193
  74.00000    0.11286   -0.03166    0.09519
  75.00000    0.13214   -0.03192    0.08364
  76.00000    0.11723   -0.04078    0.09744
  77.00000    0.12672   -0.06493    0.10004
  78.00000    0.13396   -0.06686    0.10260
  79.00000    0.13819   -0.06549    0.10045
  80.00000    0.14033   -0.06985    0.08216
  81.00000    0.11380   -0.06936    0.09785
  82.00000    0.10564   -0.07450    0.08278
  83.00000    0.12187   -0.07664    0.08473
  84.00000    0.12163   -0.07054    0.08794
  85.00000    0.13754   -0.07749    0.07774
  86.00000    0.12215   -0.07768    0.09381
  87.00000    0.11286   -0.07580    0.07694
  88.00000    0.14324   -0.07033    0.06815
  89.00000    0.17401   -0.08286    0.07895
  90.00000    0.17987   -0.05425    0.08053
  91.00000    0.16689   -0.05486    0.10193
  92.00000    0.17377   -0.03685    0.11512
  93.00000    0.19129   -0.03854    0.11040
  94.00000    0.18312   -0.02828    0.10725
  95.00000    0.18094   -0.03231    0.11316
  96.00000    0.17623   -0.04418    0.10128
  97.00000    0.19745   -0.06838    0.08234
  98.00000    0.19432   -0.08943    0.10493
  99.00000    0.19411   -0.10059    0.11603
 100.00000    0.21638   -0.07077    0.11613
 101.00000    0.19961   -0.08017    0.11474
 102.00000    0.19874   -0.07270    0.11453
 103.00000    0.19351   -0.08199    0.12039
 104.00000    0.21496   -0.07847    0.11178
 105.00000    0.22577   -0.07346    0.11955
 106.00000    0.21525   -0.09802    0.13212
 107.00000    0.20754   -0.09652    0.13703
 108.00000    0.22692   -0.10774    0.13408
 109.00000    0.22288   -0.11345    0.13881
 110.00000    0.23435   -0.10527    0.13236
 111.00000    0.22410   -0.12589    0.15017
 112.00000    0.22821   -0.10159    0.15589
 113.00000    0.19323   -0.10000    0.14265
 114.00000    0.18175   -0.09478    0.15474
 115.00000    0.17987   -0.10492    0.14238
 116.00000    0.19800   -0.10136    0.16187
 117.00000    0.20596   -0.09699    0.16754
 118.00000    0.19443   -0.12246    0.16948
 119.00000    0.19503   -0.11117    0.18341
 120.00000    0.17744   -0.10936    0.18656
 121.00000    0.20374   -0.11455    0.19097
 122.00000    0.21690   -0.11548    0.19909
 123.00000    0.22817   -0.11759    0.19730
 124.00000    0.24692   -0.10580    0.19894
 125.00000    0.25402   -0.10176    0.19190
 126.00000    0.25871   -0.08646    0.19793
 127.00000    0.25915   -0.11093    0.19778
 128.00000    0.26110   -0.12455    0.18612
 129.00000    0.24711   -0.12804    0.18362
 130.00000    0.25117   -0.13215    0.18937
 131.00000    0.27386   -0.12489    0.18446
 132.00000    0.28010   -0.13961    0.17546
 133.00000    0.26322   -0.14047    0.18630
 134.00000    0.27767   -0.13519    0.19778
 135.00000    0.28655   -0.13246    0.19537
 136.00000    0.28919   -0.13130    0.22266
 137.00000    0.26808   -0.13611    0.20604
 138.00000    0.27706   -0.13330    0.19238
 139.00000    0.27120   -0.14683    0.20135
 140.00000    0.28015   -0.16179    0.18961
 141.00000    0.27679   -0.16102    0.19523
 142.00000    0.24811   -0.15941    0.18488
 143.00000    0.27533   -0.16748    0.18611
 144.00000    0.30756   -0.16061    0.20162
 145.00000    0.32359   -0.15073    0.19802
 146.00000    0.34203   -0.13919    0.19708
 147.00000    0.31962   -0.13213    0.21881
 148.00000    0.31463   -0.13476    0.20962
 149.00000    0.31511   -0.13806    0.22598
 150.00000    0.30822   -0.14494    0.21832
 151.00000    0.31832   -0.15071    0.22251
 152.00000    0.30845   -0.15912    0.22888
 153.00000    0.30513   -0.16651    0.22205
 154.00000    0.31252   -0.17914    0.23579
 155.00000    0.31049   -0.17319    0.22789
 156.00000    0.31652   -0.19307    0.23443
 157.00000    0.32572   -0.19809    0.23397
 158.00000    0.31846   -0.19286    0.23217
 159.00000    0.31651   -0.19674    0.21356
 160.00000    0.31395   -0.18602    0.20283
 161.00000    0.31371   -0.20549    0.23098
 162.00000    0.32538   -0.22297    0.21716
 163.00000    0.31769   -0.21790    0.23619
 164.00000    0.33550   -0.21376    0.24399
 165.00000    0.31744   -0.20510    0.23673
 166.00000    0.31567   -0.21042    0.23534
 167.00000    0.33401   -0.21746    0.24741
 168.00000    0.31827   -0.20054    0.24442
 169.00000    0.31440   -0.19762    0.25026
 170.00000    0.33091   -0.20419    0.26029
 171.00000    0.32457   -0.19897    0.25862
 172.00000    0.31395   -0.21686    0.27121
 173.00000    0.34604   -0.23549    0.25577
 174.00000    0.35512   -0.20546    0.26746
 175.00000    0.35300   -0.21995    0.26584
 176.00000    0.35623   -0.22426    0.28197
 177.00000    0.36615   -0.21651    0.27578
 178.00000    0.38406   -0.23563    0.28317
 179.00000    0.37400   -0.19482    0.28440
 180.00000    0.34965   -0.20421    0.30181
 181.00000    0.34791   -0.21496    0.28955
 182.00000    0.35486   -0.22515    0.28921
 183.00000    0.39256   -0.23118    0.27967
 184.00000    0.38117   -0.24179    0.29563
 185.00000    0.37522   -0.24752    0.30842
 186.00000    0.38235   -0.24500    0.30892
 187.00000    0.39439   -0.25779    0.31405
 188.00000    0.40262   -0.23374    0.31686
 189.00000    0.38892   -0.24896    0.30425
 190.00000    0.38912   -0.24748    0.31488
 191.00000    0.39938   -0.23444    0.32333
 192.00000    0.38726   -0.26484    0.33462
 193.00000    0.38588   -0.27245    0.32244
 194.00000    0.40455   -0.25577    0.31865
 195.00000    0.41243   -0.26804    0.33415
 196.00000    0.41521   -0.26377    0.32479
 197.00000    0.42044   -0.27851    0.34338
 198.00000    0.43358   -0.28011    0.33457
 199.00000    0.42141   -0.27511    0.31930
 200.00000    0.42345   -0.26605    0.33070
 201.00000    0.42111   -0.26392    0.32297
 202.00000    0.42968   -0.27522    0.32520
 203.00000    0.43529   -0.28669    0.33309
 204.00000    0.44349   -0.27636    0.34286
 205.00000    0.43159   -0.31049    0.35147
 206.00000    0.44173   -0.32444    0.34556
 207.00000    0.46476   -0.32206    0.34984
 208.00000    0.47765   -0.32715    0.34051
 209.00000    0.48756   -0.31332    0.33590
 210.00000    0.47943   -0.31371    0.33311
 211.00000    0.46312   -0.30904    0.34800
 212.00000    0.43994   -0.31777    0.33905
 213.00000    0.45553   -0.29555    0.34171
 214.00000    0.48308   -0.30978    0.33556
 215.00000    0.50919   -0.32467    0.34809
 216.00000    0.51526   -0.33231    0.34808
 217.00000    0.51069   -0.31124    0.33843
 218.00000    0.50162   -0.31673    0.35745
 219.00000    0.50913   -0.33607    0.36295
 220.00000    0.52189   -0.34491    0.36673
 221.00000    0.50076   -0.36629    0.37841
 222.00000    0.52186   -0.35635    0.38763
 223.00000    0.52048   -0.36670    0.37647
 224.00000    0.53739   -0.36963    0.38035
 225.00000    0.54517   -0.36904    0.37595
 226.00000    0.54473   -0.36420    0.38488
 227.00000    0.51538   -0.34473    0.39055
 228.00000    0.53137   -0.35133    0.38412
 229.00000    0.53955   -0.35078    0.38505
 230.00000    0.53078   -0.34064    0.37258
 231.00000    0.52804   -0.35288    0.39138
 232.00000    0.55263   -0.34364    0.40006
 233.00000    0.55875   -0.33565    0.38641
 234.00000    0.55685   -0.34478    0.39234
 235.00000    0.55698   -0.37466    0.40048
 236.00000    0.57600   -0.37073    0.40774
 237.00000    0.57696   -0.35467    0.41461
 238.00000    0.58160   -0.35495    0.42485
 239.00000    0.56970   -0.35518    0.42359
 240.00000    0.58781   -0.35441    0.43415
 241.00000    0.58388   -0.36170    0.44457
 242.00000    0.56968   -0.37577    0.44108
 243.00000    0.61089   -0.38643    0.45376
 244.00000    0.61405   -0.38830    0.46154
 245.00000    0.62074   -0.37605    0.43695
 246.00000    0.62094   -0.38825    0.45292
 247.00000    0.62097   -0.38693    0.46808
 248.00000    0.60764   -0.40402    0.47075
 249.00000    0.61428   -0.39726    0.45887
 250.00000    0.63215   -0.38772    0.46653
 251.00000    0.62913   -0.40446    0.46356
 252.00000    0.63154   -0.38710    0.46047
 253.00000    0.66329   -0.38444    0.45601
 254.00000    0.67288   -0.39624    0.46954
 255.00000    0.65339   -0.40081    0.47292
 256.00000    0.65715   -0.40443    0.47313
 257.00000    0.64450   -0.39992    0.47431
 258.00000    0.64320   -0.40864    0.49183
 259.00000    0.63996   -0.41536    0.49552
 260.00000    0.63896   -0.41569    0.49200
 261.00000    0.64590   -0.41516    0.50486
 262.00000    0.64935   -0.43074    0.48428
 263.00000    0.68290   -0.43925    0.51510
 264.00000    0.68698   -0.45753    0.52340
 265.00000    0.68018   -0.46567    0.52577
 266.00000    0.66027   -0.45058    0.53583
 267.00000    0.65519   -0.46079    0.52808
 268.00000    0.68913   -0.46360    0.52740
 269.00000    0.69332   -0.44022    0.53220
 270.00000    0.69798   -0.45185    0.53256
 271.00000    0.68963   -0.45605    0.55323
 272.00000    0.72215   -0.46849    0.55635
 273.00000    0.71656   -0.47849    0.55071
 274.00000    0.71033   -0.46926    0.55662
 275.00000    0.70491   -0.46164    0.57132
 276.00000    0.71445   -0.47271    0.56485
 277.00000    0.73874   -0.45809    0.57141
 278.00000    0.75419   -0.46297    0.56996
 279.00000    0.75360   -0.49645    0.57246
 280.00000    0.75346   -0.49631    0.57902
 281.00000    0.77337   -0.50147    0.58729
 282.00000    0.76592   -0.48088    0.59586
 283.00000    0.74361   -0.49514    0.58809
 284.00000    0.74275   -0.51307    0.59408
 285.00000    0.74923   -0.53277    0.58484
 286.00000    0.78491   -0.51361    0.58816
 287.00000    0.79186   -0.51639    0.59245
 288.00000    0.75503   -0.49415    0.59017
 289.00000    0.76392   -0.52032    0.59711
 290.00000    0.79031   -0.53320    0.60593
 291.00000    0.74634   -0.54171    0.60464
 292.00000    0.76049   -0.52011    0.59338
 293.00000    0.78772   -0.53692    0.60015
 294.00000    0.78632   -0.52058    0.60864
 295.00000    0.78607   -0.52238    0.64186
 296.00000    0.78837   -0.53066    0.64687
 297.00000    0.79489   -0.53801    0.62982
 298.00000    0.79712   -0.55114    0.61428
 299.00000    0.80738   -0.56193    0.61830
 300.00000    0.81029   -0.57472    0.61238
 301.00000    0.82260   -0.57226    0.62103
 302.00000    0.80881   -0.58387    0.61416
 303.00000    0.81723   -0.58224    0.61826
 304.00000    0.82122   -0.59046    0.63836
 305.00000    0.82685   -0.56805    0.62883
 306.00000    0.84419   -0.58155    0.62797
 307.00000    0.84223   -0.58499    0.64514
 308.00000    0.84833   -0.59987    0.64410
 309.00000    0.84870   -0.60160    0.65420
 310.00000    0.86257   -0.61235    0.65852
 311.00000    0.88250   -0.63314    0.65291
 312.00000    0.90254   -0.63795    0.65245
 313.00000    0.88776   -0.62586    0.66405
 314.00000    0.89355   -0.62704    0.66263
 315.00000    0.88403   -0.64422    0.66805
 316.00000    0.89387   -0.63983    0.67761
 317.00000    0.89545   -0.64765    0.68277
 318.00000    0.89397   -0.64380    0.69518
 319.00000    0.89372   -0.64410    0.69016
 320.00000    0.89551   -0.64292    0.70608
 321.00000    0.91888   -0.65270    0.70392
 322.00000    0.91844   -0.67777    0.72382
 323.00000    0.94375   -0.66175    0.72979
 324.00000    0.95523   -0.64082    0.73926
 325.00000    0.95847   -0.66057    0.74187
 326.00000    0.98918   -0.65526    0.76621
 327.00000    0.99809   -0.65155    0.76730
 328.00000    0.97696   -0.65050    0.77054
 329.00000    0.98663   -0.67047    0.78144
 330.00000    0.99271   -0.67454    0.76997
 331.00000    1.00546   -0.67772    0.76904
 332.00000    0.99490   -0.67719    0.74751
 333.00000    0.99280   -0.70159    0.75378
 334.00000    1.02052   -0.68193    0.74932
 335.00000    1.00881   -0.67341    0.76558
 336.00000    1.00988   -0.69133    0.76341
 337.00000    1.01358   -0.66959    0.76279
 338.00000    1.03951   -0.67961    0.77368
 339.00000    1.02447   -0.69176    0.78241
 340.00000    1.02723   -0.70319    0.78589
 341.00000    1.03926   -0.70834    0.78842
 342.00000    1.03713   -0.69167    0.79909
 343.00000    1.02733   -0.71714    0.79239
 344.00000    1.04025   -0.72582    0.79160
 345.00000    1.04491   -0.70757    0.80836
 346.00000    1.04349   -0.72367    0.81659
 347.00000    1.04944   -0.73712    0.81973
 348.00000    1.03953   -0.74570    0.83050
 349.00000    1.03784   -0.77105    0.82233
 350.00000    1.05902   -0.78997    0.82868
 351.00000    1.06578   -0.80483    0.82823
 352.00000    1.06580   -0.79619    0.83156
 353.00000    1.05019   -0.78777    0.82273
 354.00000    1.06268   -0.78465    0.84109
 355.00000    1.07788   -0.76511    0.84898
 356.00000    1.06066   -0.78105    0.85632
 357.00000    1.04632   -0.78335    0.85840
 358.00000    1.05630   -0.77939    0.85986
 359.00000    1.07098   -0.78268    0.84295
 360.00000    1.08334   -0.79334    0.85561
 361.00000    1.10135   -0.78098    0.86515
 362.00000    1.10419   -0.79172    0.85475
 363.00000    1.11518   -0.77344    0.85886
 364.00000    1.12412   -0.79195    0.86558
 365.00000    1.15190   -0.82032    0.88413
 366.00000    1.15477   -0.83531    0.88806
 367.00000    1.15256   -0.83252    0.88204
 368.00000    1.13861   -0.84327    0.89062
 369.00000    1.16037   -0.87164    0.87341
 370.00000    1.17588   -0.87644    0.89802
 371.00000    1.18128   -0.85603    0.91822
 372.00000    1.16534   -0.84988    0.89831
 373.00000    1.17057   -0.84530    0.90225
 374.00000    1.18270   -0.85671    0.92108
 375.00000    1.18644   -0.85457    0.93268
 376.00000    1.19224   -0.86093    0.92566
 377.00000    1.20759   -0.85081    0.93910
 378.00000    1.21868   -0.86126    0.92145
 379.00000    1.21531   -0.89047    0.94287
 380.00000    1.21324   -0.89674    0.93322
 381.00000    1.22156   -0.87825    0.92212
 382.00000    1.23442   -0.87950    0.93927
 383.00000    1.24688   -0.89879    0.95972
 384.00000    1.24081   -0.88180    0.94637
 385.00000    1.24292   -0.87373    0.95666
 386.00000    1.26503   -0.89454    0.96223
 387.00000    1.26242   -0.90119    0.98562
 388.00000    1.23636   -0.91752    0.99658
 389.00000    1.24485   -0.92797    1.00180
 390.00000    1.26532   -0.93322    1.02604
 391.00000    1.26576   -0.91673    1.02179
 392.00000    1.28094   -0.91778    1.01339
 393.00000    1.28348   -0.92255    1.03504
 394.00000    1.28458   -0.93108    1.02406
 395.00000    1.31750   -0.92172    1.02899
 396.00000    1.33262   -0.93197    1.04350
 397.00000    1.32837   -0.93843    1.04681
 398.00000    1.33944   -0.95179    1.05948
 399.00000    1.35020   -0.95697    1.05754
 400.00000    1.34816   -0.96212    1.06630
 401.00000    1.34816   -0.96212    1.06630
