# snapshot x y z[kpc/h]
   0.00000    0.01529    0.00416   -0.00574
   1.00000   -0.01041    0.00679   -0.00530
   2.00000   -0.08193    0.00609   -0.00062
   3.00000   -0.19844   -0.00093    0.00865
   4.00000   -0.35947   -0.01639    0.01794
   5.00000   -0.56558   -0.03772    0.02896
   6.00000   -0.82300   -0.06552    0.04003
   7.00000   -1.13342   -0.10722    0.04708
   8.00000   -1.49706   -0.16782    0.05221
   9.00000   -1.91671   -0.24760    0.05512
  10.00000   -2.39617   -0.34996    0.05840
  11.00000   -2.93281   -0.47991    0.06213
  12.00000   -3.52838   -0.64336    0.06760
  13.00000   -4.18750   -0.84678    0.07622
  14.00000   -4.91034   -1.09380    0.08668
  15.00000   -5.70142   -1.38923    0.09709
  16.00000   -6.56583   -1.74349    0.10450
  17.00000   -7.50804   -2.17034    0.10915
  18.00000   -8.53151   -2.68991    0.11507
  19.00000   -9.64049   -3.32620    0.12435
  20.00000  -10.83632   -4.12593    0.13491
  21.00000  -12.09200   -5.16371    0.14624
  22.00000  -13.26656   -6.53088    0.15941
  23.00000  -14.03803   -8.14170    0.17347
  24.00000  -14.35200   -9.68434    0.18727
  25.00000  -14.37742  -10.97597    0.20047
  26.00000  -14.25697  -11.99076    0.20991
  27.00000  -14.03059  -12.78914    0.21799
  28.00000  -13.70770  -13.40584    0.22802
  29.00000  -13.30982  -13.86757    0.24376
  30.00000  -12.85875  -14.20895    0.26362
  31.00000  -12.36766  -14.47211    0.28407
  32.00000  -11.85711  -14.68468    0.30485
  33.00000  -11.36188  -14.85799    0.32726
  34.00000  -10.92818  -14.99177    0.34609
  35.00000  -10.61180  -15.06744    0.36397
  36.00000  -10.48194  -15.10537    0.38283
  37.00000  -10.65622  -15.42272    0.40264
  38.00000  -10.88922  -16.02658    0.41708
  39.00000  -11.19418  -16.68854    0.42753
  40.00000  -11.47607  -17.38172    0.43779
  41.00000  -11.67728  -18.02658    0.45906
  42.00000  -11.71412  -18.56559    0.48681
  43.00000  -11.56050  -18.96226    0.50884
  44.00000  -11.44106  -18.98945    0.52054
  45.00000  -11.52509  -18.89784    0.54281
  46.00000  -11.75397  -18.89794    0.57460
  47.00000  -11.90331  -19.07654    0.61033
  48.00000  -11.76230  -19.45099    0.63236
  49.00000  -11.49333  -19.77528    0.62968
  50.00000  -11.43727  -19.93274    0.63348
  51.00000  -11.65354  -20.08591    0.67346
  52.00000  -11.87780  -20.27551    0.70116
  53.00000  -12.07475  -20.51958    0.75106
  54.00000  -12.24286  -20.84728    0.78274
  55.00000  -12.40022  -21.27845    0.78721
  56.00000  -12.51108  -21.76073    0.81445
  57.00000  -12.51935  -22.26509    0.84143
  58.00000  -12.38290  -22.73035    0.85891
  59.00000  -12.14784  -23.15432    0.88849
  60.00000  -11.91869  -23.50591    0.91890
  61.00000  -11.70292  -23.78427    0.95801
  62.00000  -11.48614  -24.01905    0.98090
  63.00000  -11.29146  -24.21771    0.99737
  64.00000  -11.14969  -24.40805    1.02398
  65.00000  -11.09790  -24.60790    1.05102
  66.00000  -11.08515  -24.82629    1.08350
  67.00000  -11.08470  -25.04344    1.12119
  68.00000  -11.11781  -25.28536    1.16370
  69.00000  -11.18935  -25.57624    1.20251
  70.00000  -11.24369  -25.88389    1.24375
  71.00000  -11.29232  -26.19919    1.28583
  72.00000  -11.30733  -26.53314    1.32469
  73.00000  -11.30607  -26.86404    1.35566
  74.00000  -11.28868  -27.18603    1.39527
  75.00000  -11.23530  -27.49063    1.44020
  76.00000  -11.16043  -27.76153    1.48810
  77.00000  -11.06371  -28.01591    1.52696
  78.00000  -10.97751  -28.22767    1.57322
  79.00000  -10.91679  -28.44905    1.61424
  80.00000  -10.87835  -28.65716    1.66034
