# snapshot x y z [kpc/h]
   0.00000    0.00116    0.00104    0.00008
   1.00000    0.00093    0.00117   -0.00017
   2.00000    0.00078    0.00138   -0.00098
   3.00000    0.00067    0.00176   -0.00204
   4.00000    0.00049    0.00244   -0.00298
   5.00000    0.00037    0.00341   -0.00347
   6.00000    0.00057    0.00468   -0.00332
   7.00000    0.00112    0.00625   -0.00243
   8.00000    0.00198    0.00787   -0.00067
   9.00000    0.00312    0.00943    0.00166
  10.00000    0.00439    0.01094    0.00431
  11.00000    0.00555    0.01213    0.00715
  12.00000    0.00661    0.01293    0.00984
  13.00000    0.00761    0.01348    0.01197
  14.00000    0.00866    0.01390    0.01385
  15.00000    0.00964    0.01404    0.01570
  16.00000    0.01045    0.01384    0.01745
  17.00000    0.01119    0.01336    0.01915
  18.00000    0.01185    0.01261    0.02089
  19.00000    0.01236    0.01166    0.02242
  20.00000    0.01283    0.01055    0.02359
  21.00000    0.01325    0.00922    0.02452
  22.00000    0.01375    0.00766    0.02574
  23.00000    0.01454    0.00580    0.02766
  24.00000    0.01566    0.00344    0.03043
  25.00000    0.01715    0.00060    0.03399
  26.00000    0.01887   -0.00254    0.03782
  27.00000    0.02077   -0.00568    0.04129
  28.00000    0.02269   -0.00876    0.04408
  29.00000    0.02441   -0.01165    0.04590
  30.00000    0.02602   -0.01409    0.04673
  31.00000    0.02777   -0.01579    0.04701
  32.00000    0.02990   -0.01656    0.04704
  33.00000    0.03251   -0.01658    0.04718
  34.00000    0.03566   -0.01621    0.04707
  35.00000    0.03945   -0.01578    0.04673
  36.00000    0.04380   -0.01571    0.04647
  37.00000    0.04845   -0.01631    0.04644
  38.00000    0.05304   -0.01757    0.04645
  39.00000    0.05735   -0.01926    0.04616
  40.00000    0.06121   -0.02109    0.04542
  41.00000    0.06437   -0.02283    0.04465
  42.00000    0.06666   -0.02434    0.04375
  43.00000    0.06815   -0.02556    0.04300
  44.00000    0.06900   -0.02660    0.04259
  45.00000    0.06937   -0.02738    0.04218
  46.00000    0.06934   -0.02787    0.04160
  47.00000    0.06899   -0.02821    0.04067
  48.00000    0.06858   -0.02840    0.03983
  49.00000    0.06822   -0.02847    0.03963
  50.00000    0.06791   -0.02867    0.03995
  51.00000    0.06774   -0.02906    0.04062
  52.00000    0.06785   -0.02953    0.04166
  53.00000    0.06851   -0.02989    0.04284
  54.00000    0.06990   -0.02997    0.04398
  55.00000    0.07198   -0.02962    0.04515
  56.00000    0.07474   -0.02906    0.04646
  57.00000    0.07806   -0.02865    0.04782
  58.00000    0.08166   -0.02878    0.04941
  59.00000    0.08537   -0.02961    0.05150
  60.00000    0.08895   -0.03112    0.05429
  61.00000    0.09218   -0.03320    0.05761
  62.00000    0.09510   -0.03557    0.06167
  63.00000    0.09793   -0.03789    0.06620
  64.00000    0.10068   -0.03980    0.07048
  65.00000    0.10311   -0.04120    0.07432
  66.00000    0.10511   -0.04221    0.07745
  67.00000    0.10665   -0.04299    0.07983
  68.00000    0.10783   -0.04381    0.08172
  69.00000    0.10877   -0.04481    0.08349
  70.00000    0.10970   -0.04575    0.08532
  71.00000    0.11073   -0.04636    0.08714
  72.00000    0.11195   -0.04654    0.08875
  73.00000    0.11329   -0.04636    0.08994
  74.00000    0.11479   -0.04605    0.09081
  75.00000    0.11646   -0.04579    0.09172
  76.00000    0.11819   -0.04564    0.09260
  77.00000    0.11979   -0.04559    0.09337
  78.00000    0.12116   -0.04567    0.09388
  79.00000    0.12224   -0.04608    0.09386
  80.00000    0.12314   -0.04695    0.09352
  81.00000    0.12396   -0.04840    0.09289
  82.00000    0.12490   -0.05044    0.09207
  83.00000    0.12645   -0.05298    0.09122
  84.00000    0.12886   -0.05589    0.09051
  85.00000    0.13204   -0.05885    0.08994
  86.00000    0.13568   -0.06171    0.08920
  87.00000    0.13959   -0.06430    0.08820
  88.00000    0.14373   -0.06669    0.08754
  89.00000    0.14806   -0.06904    0.08776
  90.00000    0.15254   -0.07131    0.08901
  91.00000    0.15714   -0.07338    0.09145
  92.00000    0.16180   -0.07514    0.09483
  93.00000    0.16659   -0.07663    0.09815
  94.00000    0.17148   -0.07788    0.10090
  95.00000    0.17613   -0.07892    0.10310
  96.00000    0.18034   -0.07982    0.10535
  97.00000    0.18397   -0.08058    0.10771
  98.00000    0.18707   -0.08117    0.11014
  99.00000    0.18975   -0.08151    0.11269
 100.00000    0.19224   -0.08164    0.11543
 101.00000    0.19478   -0.08187    0.11800
 102.00000    0.19758   -0.08217    0.12030
 103.00000    0.20068   -0.08253    0.12258
 104.00000    0.20419   -0.08298    0.12514
 105.00000    0.20791   -0.08353    0.12801
 106.00000    0.21140   -0.08426    0.13071
 107.00000    0.21435   -0.08511    0.13298
 108.00000    0.21643   -0.08621    0.13520
 109.00000    0.21763   -0.08764    0.13731
 110.00000    0.21818   -0.08930    0.13930
 111.00000    0.21817   -0.09109    0.14153
 112.00000    0.21768   -0.09287    0.14414
 113.00000    0.21675   -0.09470    0.14685
 114.00000    0.21555   -0.09674    0.14986
 115.00000    0.21432   -0.09906    0.15378
 116.00000    0.21330   -0.10169    0.15853
 117.00000    0.21259   -0.10449    0.16350
 118.00000    0.21228   -0.10722    0.16830
 119.00000    0.21249   -0.10975    0.17287
 120.00000    0.21339   -0.11200    0.17712
 121.00000    0.21517   -0.11403    0.18103
 122.00000    0.21783   -0.11593    0.18443
 123.00000    0.22119   -0.11780    0.18719
 124.00000    0.22511   -0.11979    0.18954
 125.00000    0.22956   -0.12187    0.19158
 126.00000    0.23445   -0.12384    0.19307
 127.00000    0.23932   -0.12552    0.19391
 128.00000    0.24366   -0.12698    0.19440
 129.00000    0.24746   -0.12838    0.19445
 130.00000    0.25099   -0.12986    0.19422
 131.00000    0.25450   -0.13130    0.19410
 132.00000    0.25823   -0.13269    0.19430
 133.00000    0.26225   -0.13405    0.19495
 134.00000    0.26638   -0.13536    0.19623
 135.00000    0.27054   -0.13658    0.19787
 136.00000    0.27458   -0.13763    0.19920
 137.00000    0.27827   -0.13843    0.19958
 138.00000    0.28135   -0.13915    0.19915
 139.00000    0.28363   -0.13977    0.19805
 140.00000    0.28504   -0.14044    0.19699
 141.00000    0.28586   -0.14132    0.19625
 142.00000    0.28663   -0.14247    0.19580
 143.00000    0.28786   -0.14413    0.19596
 144.00000    0.28979   -0.14638    0.19711
 145.00000    0.29238   -0.14911    0.19943
 146.00000    0.29542   -0.15218    0.20239
 147.00000    0.29860   -0.15535    0.20581
 148.00000    0.30183   -0.15842    0.20953
 149.00000    0.30505   -0.16118    0.21347
 150.00000    0.30813   -0.16341    0.21718
 151.00000    0.31093   -0.16514    0.22057
 152.00000    0.31325   -0.16664    0.22359
 153.00000    0.31502   -0.16816    0.22616
 154.00000    0.31621   -0.16995    0.22813
 155.00000    0.31684   -0.17212    0.22931
 156.00000    0.31698   -0.17473    0.23021
 157.00000    0.31679   -0.17783    0.23092
 158.00000    0.31650   -0.18133    0.23118
 159.00000    0.31648   -0.18503    0.23079
 160.00000    0.31687   -0.18868    0.23008
 161.00000    0.31761   -0.19205    0.22975
 162.00000    0.31864   -0.19503    0.23018
 163.00000    0.31996   -0.19751    0.23152
 164.00000    0.32157   -0.19943    0.23372
 165.00000    0.32357   -0.20090    0.23602
 166.00000    0.32588   -0.20206    0.23832
 167.00000    0.32832   -0.20299    0.24084
 168.00000    0.33082   -0.20383    0.24376
 169.00000    0.33347   -0.20486    0.24709
 170.00000    0.33631   -0.20625    0.25076
 171.00000    0.33934   -0.20814    0.25472
 172.00000    0.34256   -0.21056    0.25883
 173.00000    0.34590   -0.21327    0.26297
 174.00000    0.34920   -0.21599    0.26703
 175.00000    0.35236   -0.21865    0.27057
 176.00000    0.35526   -0.22133    0.27358
 177.00000    0.35804   -0.22394    0.27623
 178.00000    0.36092   -0.22642    0.27875
 179.00000    0.36396   -0.22877    0.28136
 180.00000    0.36718   -0.23116    0.28408
 181.00000    0.37057   -0.23373    0.28689
 182.00000    0.37396   -0.23647    0.29027
 183.00000    0.37721   -0.23925    0.29423
 184.00000    0.38016   -0.24202    0.29849
 185.00000    0.38284   -0.24473    0.30272
 186.00000    0.38530   -0.24727    0.30665
 187.00000    0.38778   -0.24969    0.31014
 188.00000    0.39046   -0.25215    0.31334
 189.00000    0.39336   -0.25473    0.31634
 190.00000    0.39637   -0.25731    0.31933
 191.00000    0.39927   -0.25974    0.32209
 192.00000    0.40190   -0.26195    0.32453
 193.00000    0.40424   -0.26402    0.32677
 194.00000    0.40623   -0.26600    0.32849
 195.00000    0.40799   -0.26787    0.32952
 196.00000    0.40967   -0.26964    0.33035
 197.00000    0.41140   -0.27148    0.33115
 198.00000    0.41326   -0.27343    0.33182
 199.00000    0.41540   -0.27562    0.33214
 200.00000    0.41808   -0.27797    0.33211
 201.00000    0.42141   -0.28042    0.33234
 202.00000    0.42539   -0.28299    0.33325
 203.00000    0.42991   -0.28587    0.33450
 204.00000    0.43472   -0.28901    0.33563
 205.00000    0.43958   -0.29214    0.33655
 206.00000    0.44443   -0.29506    0.33707
 207.00000    0.44923   -0.29775    0.33740
 208.00000    0.45396   -0.30025    0.33795
 209.00000    0.45853   -0.30253    0.33890
 210.00000    0.46291   -0.30457    0.34025
 211.00000    0.46710   -0.30658    0.34200
 212.00000    0.47129   -0.30878    0.34392
 213.00000    0.47568   -0.31142    0.34571
 214.00000    0.48048   -0.31476    0.34745
 215.00000    0.48580   -0.31889    0.34953
 216.00000    0.49158   -0.32378    0.35204
 217.00000    0.49781   -0.32907    0.35501
 218.00000    0.50439   -0.33420    0.35827
 219.00000    0.51100   -0.33893    0.36164
 220.00000    0.51734   -0.34316    0.36493
 221.00000    0.52317   -0.34680    0.36794
 222.00000    0.52840   -0.34977    0.37074
 223.00000    0.53299   -0.35211    0.37342
 224.00000    0.53691   -0.35398    0.37605
 225.00000    0.54016   -0.35539    0.37840
 226.00000    0.54286   -0.35626    0.38035
 227.00000    0.54526   -0.35666    0.38201
 228.00000    0.54747   -0.35675    0.38351
 229.00000    0.54954   -0.35678    0.38503
 230.00000    0.55155   -0.35699    0.38676
 231.00000    0.55370   -0.35746    0.38882
 232.00000    0.55614   -0.35814    0.39144
 233.00000    0.55878   -0.35887    0.39456
 234.00000    0.56150   -0.35957    0.39803
 235.00000    0.56418   -0.36051    0.40191
 236.00000    0.56697   -0.36187    0.40644
 237.00000    0.57007   -0.36346    0.41169
 238.00000    0.57360   -0.36506    0.41776
 239.00000    0.57756   -0.36683    0.42398
 240.00000    0.58176   -0.36892    0.42977
 241.00000    0.58609   -0.37129    0.43487
 242.00000    0.59051   -0.37373    0.43961
 243.00000    0.59493   -0.37603    0.44412
 244.00000    0.59916   -0.37813    0.44852
 245.00000    0.60297   -0.38002    0.45279
 246.00000    0.60622   -0.38176    0.45669
 247.00000    0.60903   -0.38348    0.46022
 248.00000    0.61180   -0.38522    0.46336
 249.00000    0.61488   -0.38715    0.46584
 250.00000    0.61838   -0.38938    0.46743
 251.00000    0.62233   -0.39193    0.46825
 252.00000    0.62673   -0.39487    0.46890
 253.00000    0.63148   -0.39809    0.46978
 254.00000    0.63637   -0.40138    0.47123
 255.00000    0.64132   -0.40469    0.47336
 256.00000    0.64620   -0.40802    0.47621
 257.00000    0.65090   -0.41143    0.47960
 258.00000    0.65542   -0.41496    0.48341
 259.00000    0.65986   -0.41867    0.48753
 260.00000    0.66430   -0.42259    0.49199
 261.00000    0.66867   -0.42660    0.49661
 262.00000    0.67286   -0.43057    0.50137
 263.00000    0.67662   -0.43456    0.50673
 264.00000    0.67982   -0.43854    0.51257
 265.00000    0.68264   -0.44247    0.51875
 266.00000    0.68533   -0.44629    0.52479
 267.00000    0.68822   -0.44987    0.53050
 268.00000    0.69153   -0.45313    0.53565
 269.00000    0.69520   -0.45615    0.54049
 270.00000    0.69910   -0.45912    0.54501
 271.00000    0.70306   -0.46217    0.54913
 272.00000    0.70699   -0.46528    0.55297
 273.00000    0.71102   -0.46846    0.55682
 274.00000    0.71539   -0.47153    0.56080
 275.00000    0.72023   -0.47443    0.56466
 276.00000    0.72544   -0.47729    0.56829
 277.00000    0.73082   -0.48026    0.57171
 278.00000    0.73620   -0.48348    0.57512
 279.00000    0.74127   -0.48703    0.57860
 280.00000    0.74575   -0.49075    0.58206
 281.00000    0.74953   -0.49462    0.58523
 282.00000    0.75268   -0.49866    0.58784
 283.00000    0.75534   -0.50275    0.58991
 284.00000    0.75767   -0.50689    0.59134
 285.00000    0.75979   -0.51116    0.59247
 286.00000    0.76181   -0.51559    0.59328
 287.00000    0.76379   -0.52003    0.59391
 288.00000    0.76582   -0.52431    0.59467
 289.00000    0.76804   -0.52831    0.59571
 290.00000    0.77049   -0.53195    0.59714
 291.00000    0.77334   -0.53524    0.59884
 292.00000    0.77676   -0.53827    0.60070
 293.00000    0.78068   -0.54116    0.60282
 294.00000    0.78496   -0.54399    0.60525
 295.00000    0.78954   -0.54688    0.60802
 296.00000    0.79422   -0.55001    0.61074
 297.00000    0.79884   -0.55346    0.61311
 298.00000    0.80331   -0.55711    0.61502
 299.00000    0.80757   -0.56083    0.61660
 300.00000    0.81128   -0.56455    0.61833
 301.00000    0.81435   -0.56825    0.62069
 302.00000    0.81700   -0.57184    0.62350
 303.00000    0.81953   -0.57531    0.62661
 304.00000    0.82229   -0.57877    0.63006
 305.00000    0.82558   -0.58249    0.63363
 306.00000    0.82954   -0.58644    0.63729
 307.00000    0.83413   -0.59054    0.64128
 308.00000    0.83920   -0.59473    0.64547
 309.00000    0.84470   -0.59902    0.64990
 310.00000    0.85062   -0.60324    0.65456
 311.00000    0.85697   -0.60731    0.65937
 312.00000    0.86365   -0.61127    0.66427
 313.00000    0.87048   -0.61522    0.66900
 314.00000    0.87735   -0.61908    0.67354
 315.00000    0.88438   -0.62277    0.67784
 316.00000    0.89169   -0.62622    0.68173
 317.00000    0.89936   -0.62934    0.68553
 318.00000    0.90728   -0.63194    0.68985
 319.00000    0.91523   -0.63397    0.69504
 320.00000    0.92303   -0.63576    0.70123
 321.00000    0.93060   -0.63778    0.70827
 322.00000    0.93812   -0.64035    0.71572
 323.00000    0.94572   -0.64352    0.72358
 324.00000    0.95328   -0.64736    0.73172
 325.00000    0.96065   -0.65191    0.73978
 326.00000    0.96769   -0.65716    0.74738
 327.00000    0.97444   -0.66298    0.75396
 328.00000    0.98094   -0.66917    0.75917
 329.00000    0.98713   -0.67544    0.76303
 330.00000    0.99285   -0.68157    0.76541
 331.00000    0.99807   -0.68723    0.76650
 332.00000    1.00280   -0.69213    0.76676
 333.00000    1.00705   -0.69618    0.76684
 334.00000    1.01090   -0.69939    0.76728
 335.00000    1.01445   -0.70199    0.76848
 336.00000    1.01768   -0.70436    0.77010
 337.00000    1.02054   -0.70674    0.77178
 338.00000    1.02298   -0.70916    0.77352
 339.00000    1.02503   -0.71161    0.77571
 340.00000    1.02667   -0.71391    0.77865
 341.00000    1.02805   -0.71587    0.78218
 342.00000    1.02935   -0.71753    0.78619
 343.00000    1.03075   -0.71906    0.79075
 344.00000    1.03220   -0.72076    0.79570
 345.00000    1.03355   -0.72310    0.80081
 346.00000    1.03484   -0.72634    0.80629
 347.00000    1.03607   -0.73047    0.81215
 348.00000    1.03724   -0.73551    0.81778
 349.00000    1.03855   -0.74141    0.82299
 350.00000    1.04025   -0.74789    0.82795
 351.00000    1.04252   -0.75445    0.83230
 352.00000    1.04567   -0.76067    0.83590
 353.00000    1.04970   -0.76640    0.83930
 354.00000    1.05452   -0.77161    0.84293
 355.00000    1.06021   -0.77620    0.84647
 356.00000    1.06678   -0.78009    0.84948
 357.00000    1.07416   -0.78329    0.85205
 358.00000    1.08221   -0.78598    0.85416
 359.00000    1.09083   -0.78848    0.85617
 360.00000    1.09990   -0.79110    0.85833
 361.00000    1.10911   -0.79419    0.86083
 362.00000    1.11810   -0.79798    0.86396
 363.00000    1.12659   -0.80257    0.86778
 364.00000    1.13438   -0.80795    0.87217
 365.00000    1.14136   -0.81400    0.87681
 366.00000    1.14762   -0.82062    0.88160
 367.00000    1.15324   -0.82771    0.88634
 368.00000    1.15830   -0.83501    0.89032
 369.00000    1.16294   -0.84223    0.89344
 370.00000    1.16742   -0.84892    0.89626
 371.00000    1.17198   -0.85492    0.89949
 372.00000    1.17679   -0.86039    0.90335
 373.00000    1.18197   -0.86537    0.90773
 374.00000    1.18758   -0.86974    0.91255
 375.00000    1.19349   -0.87326    0.91766
 376.00000    1.19949   -0.87597    0.92253
 377.00000    1.20525   -0.87801    0.92702
 378.00000    1.21039   -0.87964    0.93102
 379.00000    1.21482   -0.88120    0.93470
 380.00000    1.21872   -0.88299    0.93835
 381.00000    1.22238   -0.88519    0.94237
 382.00000    1.22608   -0.88781    0.94727
 383.00000    1.22989   -0.89078    0.95319
 384.00000    1.23387   -0.89419    0.95970
 385.00000    1.23823   -0.89802    0.96684
 386.00000    1.24315   -0.90199    0.97447
 387.00000    1.24859   -0.90578    0.98245
 388.00000    1.25444   -0.90928    0.99058
 389.00000    1.26048   -0.91249    0.99870
 390.00000    1.26647   -0.91539    1.00655
 391.00000    1.27232   -0.91819    1.01373
 392.00000    1.27824   -0.92131    1.02003
 393.00000    1.28450   -0.92503    1.02583
 394.00000    1.29115   -0.92941    1.03119
 395.00000    1.29794   -0.93434    1.03632
 396.00000    1.30475   -0.93979    1.04136
 397.00000    1.31150   -0.94569    1.04611
 398.00000    1.31812   -0.95198    1.05051
 399.00000    1.32451   -0.95851    1.05476
 400.00000    1.33058   -0.96511    1.05910
 401.00000    1.33058   -0.96511    1.05910
