# snapshot x y z[kpc/h]
   0.00000    0.00116    0.00104    0.00008
   1.00000    0.00026    0.00117   -0.00018
   2.00000   -0.00193    0.00139   -0.00101
   3.00000   -0.00543    0.00176   -0.00211
   4.00000   -0.01036    0.00241   -0.00311
   5.00000   -0.01660    0.00333   -0.00366
   6.00000   -0.02388    0.00451   -0.00359
   7.00000   -0.03217    0.00593   -0.00279
   8.00000   -0.04155    0.00733   -0.00114
   9.00000   -0.05203    0.00858    0.00106
  10.00000   -0.06376    0.00966    0.00358
  11.00000   -0.07697    0.01031    0.00631
  12.00000   -0.09168    0.01042    0.00889
  13.00000   -0.10784    0.01010    0.01090
  14.00000   -0.12534    0.00946    0.01262
  15.00000   -0.14432    0.00837    0.01430
  16.00000   -0.16489    0.00670    0.01585
  17.00000   -0.18695    0.00451    0.01733
  18.00000   -0.21053    0.00178    0.01882
  19.00000   -0.23568   -0.00143    0.02011
  20.00000   -0.26233   -0.00505    0.02106
  21.00000   -0.29046   -0.00916    0.02182
  22.00000   -0.31994   -0.01385    0.02295
  23.00000   -0.35058   -0.01920    0.02482
  24.00000   -0.38232   -0.02545    0.02756
  25.00000   -0.41510   -0.03258    0.03113
  26.00000   -0.44908   -0.04036    0.03492
  27.00000   -0.48437   -0.04855    0.03826
  28.00000   -0.52117   -0.05705    0.04083
  29.00000   -0.55966   -0.06573    0.04243
  30.00000   -0.59971   -0.07433    0.04315
  31.00000   -0.64107   -0.08260    0.04335
  32.00000   -0.68359   -0.09043    0.04332
  33.00000   -0.72717   -0.09805    0.04344
  34.00000   -0.77171   -0.10578    0.04334
  35.00000   -0.81711   -0.11401    0.04310
  36.00000   -0.86349   -0.12310    0.04284
  37.00000   -0.91110   -0.13330    0.04267
  38.00000   -0.96020   -0.14470    0.04254
  39.00000   -1.01103   -0.15706    0.04209
  40.00000   -1.06386   -0.17015    0.04128
  41.00000   -1.11901   -0.18372    0.04037
  42.00000   -1.17665   -0.19760    0.03932
  43.00000   -1.23671   -0.21180    0.03856
  44.00000   -1.29909   -0.22645    0.03823
  45.00000   -1.36360   -0.24147    0.03787
  46.00000   -1.43023   -0.25692    0.03710
  47.00000   -1.49888   -0.27299    0.03587
  48.00000   -1.56921   -0.28971    0.03483
  49.00000   -1.64103   -0.30718    0.03430
  50.00000   -1.71437   -0.32555    0.03420
  51.00000   -1.78913   -0.34490    0.03460
  52.00000   -1.86506   -0.36515    0.03531
  53.00000   -1.94191   -0.38622    0.03598
  54.00000   -2.01957   -0.40790    0.03656
  55.00000   -2.09813   -0.43013    0.03727
  56.00000   -2.17772   -0.45331    0.03829
  57.00000   -2.25856   -0.47779    0.03971
  58.00000   -2.34087   -0.50387    0.04166
  59.00000   -2.42481   -0.53172    0.04406
  60.00000   -2.51060   -0.56131    0.04666
  61.00000   -2.59841   -0.59255    0.04966
  62.00000   -2.68827   -0.62517    0.05342
  63.00000   -2.78020   -0.65894    0.05775
  64.00000   -2.87421   -0.69357    0.06211
  65.00000   -2.97028   -0.72902    0.06589
  66.00000   -3.06832   -0.76536    0.06875
  67.00000   -3.16834   -0.80265    0.07104
  68.00000   -3.27032   -0.84096    0.07308
  69.00000   -3.37437   -0.88049    0.07503
  70.00000   -3.48034   -0.92133    0.07670
  71.00000   -3.58811   -0.96351    0.07781
  72.00000   -3.69779   -1.00697    0.07832
  73.00000   -3.80952   -1.05172    0.07824
  74.00000   -3.92320   -1.09789    0.07783
  75.00000   -4.03881   -1.14557    0.07731
  76.00000   -4.15653   -1.19503    0.07681
  77.00000   -4.27634   -1.24668    0.07636
  78.00000   -4.39834   -1.30070    0.07590
  79.00000   -4.52267   -1.35723    0.07521
  80.00000   -4.64924   -1.41634    0.07421
  81.00000   -4.77782   -1.47813    0.07308
  82.00000   -4.90821   -1.54261    0.07177
  83.00000   -5.04017   -1.60986    0.07031
  84.00000   -5.17368   -1.67994    0.06887
  85.00000   -5.30892   -1.75288    0.06774
  86.00000   -5.44616   -1.82865    0.06669
  87.00000   -5.58551   -1.90729    0.06596
  88.00000   -5.72699   -1.98877    0.06609
  89.00000   -5.87072   -2.07306    0.06719
  90.00000   -6.01677   -2.16029    0.06927
  91.00000   -6.16520   -2.25068    0.07202
  92.00000   -6.31612   -2.34459    0.07471
  93.00000   -6.46976   -2.44248    0.07732
  94.00000   -6.62627   -2.54500    0.07980
  95.00000   -6.78583   -2.65264    0.08206
  96.00000   -6.94863   -2.76564    0.08408
  97.00000   -7.11456   -2.88422    0.08596
  98.00000   -7.28331   -3.00876    0.08779
  99.00000   -7.45461   -3.13986    0.08994
 100.00000   -7.62818   -3.27832    0.09240
 101.00000   -7.80368   -3.42503    0.09516
 102.00000   -7.98067   -3.58102    0.09814
 103.00000   -8.15883   -3.74758    0.10098
 104.00000   -8.33773   -3.92620    0.10331
 105.00000   -8.51671   -4.11827    0.10527
 106.00000   -8.69475   -4.32516    0.10702
 107.00000   -8.87043   -4.54803    0.10851
 108.00000   -9.04159   -4.78809    0.10979
 109.00000   -9.20502   -5.04570    0.11137
 110.00000   -9.35699   -5.32051    0.11337
 111.00000   -9.49351   -5.61100    0.11608
 112.00000   -9.61103   -5.91467    0.11939
 113.00000   -9.70705   -6.22789    0.12300
 114.00000   -9.78073   -6.54648    0.12660
 115.00000   -9.83267   -6.86642    0.13028
 116.00000   -9.86441   -7.18444    0.13401
 117.00000   -9.87811   -7.49762    0.13776
 118.00000   -9.87589   -7.80329    0.14111
 119.00000   -9.85980   -8.09885    0.14408
 120.00000   -9.83198   -8.38214    0.14644
 121.00000   -9.79490   -8.65168    0.14813
 122.00000   -9.75091   -8.90628    0.14900
 123.00000   -9.70185   -9.14498    0.14896
 124.00000   -9.64943   -9.36736    0.14813
 125.00000   -9.59563   -9.57372    0.14654
 126.00000   -9.54201   -9.76489    0.14455
 127.00000   -9.48979   -9.94185    0.14239
 128.00000   -9.43973  -10.10542    0.14034
 129.00000   -9.39219  -10.25631    0.13834
 130.00000   -9.34741  -10.39520    0.13691
 131.00000   -9.30559  -10.52283    0.13636
 132.00000   -9.26672  -10.63991    0.13639
 133.00000   -9.23050  -10.74721    0.13642
 134.00000   -9.19643  -10.84551    0.13649
 135.00000   -9.16426  -10.93552    0.13669
 136.00000   -9.13377  -11.01802    0.13725
 137.00000   -9.10443  -11.09363    0.13830
 138.00000   -9.07571  -11.16293    0.13998
 139.00000   -9.04714  -11.22644    0.14218
 140.00000   -9.01823  -11.28452    0.14494
 141.00000   -8.98871  -11.33747    0.14837
 142.00000   -8.95864  -11.38543    0.15227
 143.00000   -8.92792  -11.42862    0.15635
 144.00000   -8.89634  -11.46724    0.16064
 145.00000   -8.86374  -11.50139    0.16534
 146.00000   -8.83007  -11.53119    0.17055
 147.00000   -8.79542  -11.55637    0.17609
 148.00000   -8.76008  -11.57677    0.18154
 149.00000   -8.72421  -11.59230    0.18633
 150.00000   -8.68783  -11.60295    0.19026
 151.00000   -8.65114  -11.60907    0.19300
 152.00000   -8.61435  -11.61097    0.19502
 153.00000   -8.57764  -11.60895    0.19721
 154.00000   -8.54120  -11.60330    0.19961
 155.00000   -8.50501  -11.59416    0.20217
 156.00000   -8.46893  -11.58159    0.20496
 157.00000   -8.43308  -11.56574    0.20802
 158.00000   -8.39767  -11.54669    0.21113
 159.00000   -8.36285  -11.52453    0.21470
 160.00000   -8.32859  -11.49921    0.21898
 161.00000   -8.29492  -11.47084    0.22372
 162.00000   -8.26191  -11.43944    0.22869
 163.00000   -8.22964  -11.40506    0.23369
 164.00000   -8.19816  -11.36773    0.23826
 165.00000   -8.16757  -11.32761    0.24214
 166.00000   -8.13814  -11.28482    0.24503
 167.00000   -8.11005  -11.23927    0.24690
 168.00000   -8.08356  -11.19073    0.24813
 169.00000   -8.05875  -11.13898    0.24911
 170.00000   -8.03590  -11.08354    0.25051
 171.00000   -8.01510  -11.02403    0.25248
 172.00000   -7.99625  -10.95971    0.25487
 173.00000   -7.97933  -10.88953    0.25752
 174.00000   -7.96484  -10.81188    0.26014
 175.00000   -7.95370  -10.72518    0.26241
 176.00000   -7.94728  -10.62788    0.26435
 177.00000   -7.94720  -10.51857    0.26638
 178.00000   -7.95602  -10.39520    0.26902
 179.00000   -7.97792  -10.25588    0.27222
 180.00000   -8.01965  -10.10022    0.27605
 181.00000   -8.09037   -9.93342    0.28073
 182.00000   -8.19965   -9.77170    0.28627
 183.00000   -8.34453   -9.63524    0.29217
 184.00000   -8.51024   -9.53184    0.29743
 185.00000   -8.68477   -9.46022    0.30189
 186.00000   -8.85990   -9.41838    0.30551
 187.00000   -9.02859   -9.40443    0.30835
 188.00000   -9.18534   -9.41621    0.31087
 189.00000   -9.32622   -9.45062    0.31318
 190.00000   -9.44912   -9.50460    0.31541
 191.00000   -9.55337   -9.57473    0.31736
 192.00000   -9.63938   -9.65805    0.31876
 193.00000   -9.70855   -9.75195    0.31978
 194.00000   -9.76283   -9.85473    0.32054
 195.00000   -9.80447   -9.96539    0.32122
 196.00000   -9.83531  -10.08341    0.32218
 197.00000   -9.85696  -10.20824    0.32365
 198.00000   -9.87084  -10.33932    0.32530
 199.00000   -9.87779  -10.47629    0.32710
 200.00000   -9.87875  -10.61848    0.32935
 201.00000   -9.87492  -10.76457    0.33211
 202.00000   -9.86653  -10.91424    0.33521
 203.00000   -9.85336  -11.06653    0.33901
 204.00000   -9.83520  -11.22059    0.34343
 205.00000   -9.81183  -11.37603    0.34763
 206.00000   -9.78330  -11.53234    0.35110
 207.00000   -9.74955  -11.68905    0.35402
 208.00000   -9.71022  -11.84571    0.35664
 209.00000   -9.66506  -12.00207    0.35928
 210.00000   -9.61338  -12.15888    0.36185
 211.00000   -9.55392  -12.31764    0.36419
 212.00000   -9.48444  -12.48099    0.36649
 213.00000   -9.40283  -12.65145    0.36861
 214.00000   -9.30532  -12.83121    0.37041
 215.00000   -9.18790  -13.01436    0.37188
 216.00000   -9.06328  -13.16930    0.37395
 217.00000   -8.94518  -13.28429    0.37686
 218.00000   -8.83773  -13.36178    0.38032
 219.00000   -8.74432  -13.40825    0.38399
 220.00000   -8.66604  -13.43145    0.38761
 221.00000   -8.60407  -13.43655    0.39114
 222.00000   -8.55941  -13.42735    0.39438
 223.00000   -8.53261  -13.40685    0.39686
 224.00000   -8.52407  -13.37794    0.39855
 225.00000   -8.53370  -13.34340    0.39988
 226.00000   -8.56050  -13.30599    0.40148
 227.00000   -8.60285  -13.26924    0.40370
 228.00000   -8.65932  -13.23625    0.40653
 229.00000   -8.72858  -13.20845    0.40976
 230.00000   -8.80964  -13.18550    0.41345
 231.00000   -8.90333  -13.16537    0.41810
 232.00000   -9.01144  -13.14542    0.42386
 233.00000   -9.12298  -13.13619    0.42980
 234.00000   -9.22163  -13.15163    0.43465
 235.00000   -9.30353  -13.19160    0.43884
 236.00000   -9.36802  -13.25223    0.44313
 237.00000   -9.41561  -13.32957    0.44758
 238.00000   -9.44744  -13.41992    0.45176
 239.00000   -9.46423  -13.52000    0.45476
 240.00000   -9.46674  -13.62740    0.45651
 241.00000   -9.45636  -13.74066    0.45705
 242.00000   -9.43379  -13.85885    0.45657
 243.00000   -9.39989  -13.98106    0.45552
 244.00000   -9.36246  -14.09955    0.45473
 245.00000   -9.32748  -14.20561    0.45550
 246.00000   -9.29624  -14.29646    0.45816
 247.00000   -9.27078  -14.37147    0.46205
 248.00000   -9.25298  -14.43097    0.46646
 249.00000   -9.24353  -14.47616    0.47113
 250.00000   -9.24205  -14.50957    0.47588
 251.00000   -9.24634  -14.53531    0.48032
 252.00000   -9.25302  -14.55926    0.48418
 253.00000   -9.25889  -14.58646    0.48789
 254.00000   -9.26121  -14.62010    0.49170
 255.00000   -9.25792  -14.66201    0.49584
 256.00000   -9.24821  -14.71129    0.50073
 257.00000   -9.23221  -14.76542    0.50638
 258.00000   -9.21064  -14.82169    0.51180
 259.00000   -9.18487  -14.87731    0.51734
 260.00000   -9.15589  -14.93033    0.52362
 261.00000   -9.12394  -14.97993    0.53030
 262.00000   -9.08933  -15.02729    0.53655
 263.00000   -9.05368  -15.07484    0.54232
 264.00000   -9.01869  -15.12516    0.54715
 265.00000   -8.98512  -15.17979    0.55028
 266.00000   -8.95406  -15.23935    0.55212
 267.00000   -8.92688  -15.30373    0.55379
 268.00000   -8.90386  -15.37186    0.55601
 269.00000   -8.88519  -15.44210    0.55924
 270.00000   -8.87079  -15.51331    0.56261
 271.00000   -8.86022  -15.58467    0.56638
 272.00000   -8.85341  -15.65556    0.57148
 273.00000   -8.84980  -15.72525    0.57787
 274.00000   -8.84754  -15.79357    0.58424
 275.00000   -8.84560  -15.86021    0.58908
 276.00000   -8.84422  -15.92475    0.59326
 277.00000   -8.84377  -15.98696    0.59759
 278.00000   -8.84364  -16.04700    0.60214
 279.00000   -8.84311  -16.10510    0.60706
 280.00000   -8.84187  -16.16160    0.61173
 281.00000   -8.84031  -16.21746    0.61650
 282.00000   -8.83900  -16.27380    0.62189
 283.00000   -8.83805  -16.33164    0.62781
 284.00000   -8.83694  -16.39135    0.63323
 285.00000   -8.83467  -16.45264    0.63706
 286.00000   -8.83004  -16.51378    0.63907
 287.00000   -8.82157  -16.57367    0.64042
 288.00000   -8.80800  -16.63214    0.64134
 289.00000   -8.78872  -16.68885    0.64327
 290.00000   -8.76494  -16.74369    0.64650
 291.00000   -8.73804  -16.79688    0.65031
 292.00000   -8.70895  -16.84853    0.65365
 293.00000   -8.67849  -16.89821    0.65607
 294.00000   -8.64756  -16.94536    0.65832
 295.00000   -8.61600  -16.98961    0.66156
 296.00000   -8.58409  -17.03036    0.66569
 297.00000   -8.55201  -17.06720    0.66930
 298.00000   -8.52011  -17.10054    0.67198
 299.00000   -8.48897  -17.13066    0.67486
 300.00000   -8.45895  -17.15807    0.67885
 301.00000   -8.42944  -17.18355    0.68303
 302.00000   -8.39992  -17.20809    0.68717
 303.00000   -8.37066  -17.23176    0.69187
 304.00000   -8.34245  -17.25512    0.69747
 305.00000   -8.31630  -17.27870    0.70312
 306.00000   -8.29331  -17.30284    0.70806
 307.00000   -8.27432  -17.32789    0.71306
 308.00000   -8.25981  -17.35385    0.71858
 309.00000   -8.25005  -17.38093    0.72357
 310.00000   -8.24510  -17.40910    0.72770
 311.00000   -8.24469  -17.43759    0.73199
 312.00000   -8.24786  -17.46589    0.73656
 313.00000   -8.25355  -17.49407    0.74078
 314.00000   -8.26031  -17.52263    0.74423
 315.00000   -8.26692  -17.55300    0.74776
 316.00000   -8.27346  -17.58665    0.75163
 317.00000   -8.28014  -17.62420    0.75561
 318.00000   -8.28659  -17.66505    0.75975
 319.00000   -8.29290  -17.70876    0.76440
 320.00000   -8.29973  -17.75521    0.76915
 321.00000   -8.30659  -17.80493    0.77413
 322.00000   -8.31257  -17.85779    0.77861
 323.00000   -8.31730  -17.91277    0.78180
 324.00000   -8.32062  -17.96885    0.78449
 325.00000   -8.32203  -18.02499    0.78799
 326.00000   -8.32074  -18.08002    0.79237
 327.00000   -8.31653  -18.13385    0.79789
 328.00000   -8.30975  -18.18715    0.80422
 329.00000   -8.30056  -18.24102    0.80962
 330.00000   -8.29110  -18.29621    0.81415
 331.00000   -8.28334  -18.35340    0.81904
 332.00000   -8.27706  -18.41261    0.82419
 333.00000   -8.27198  -18.47374    0.82903
 334.00000   -8.26700  -18.53641    0.83376
 335.00000   -8.26080  -18.59931    0.83865
 336.00000   -8.25226  -18.66088    0.84361
 337.00000   -8.24198  -18.71962    0.84911
 338.00000   -8.23181  -18.77525    0.85527
 339.00000   -8.22278  -18.82757    0.86185
 340.00000   -8.21565  -18.87643    0.86926
 341.00000   -8.21044  -18.92194    0.87666
 342.00000   -8.20748  -18.96446    0.88378
 343.00000   -8.20726  -19.00492    0.89080
 344.00000   -8.20952  -19.04393    0.89816
 345.00000   -8.21350  -19.08181    0.90489
 346.00000   -8.21904  -19.11902    0.91090
 347.00000   -8.22593  -19.15611    0.91661
 348.00000   -8.23396  -19.19363    0.92193
 349.00000   -8.24175  -19.23135    0.92640
 350.00000   -8.24866  -19.26955    0.93076
 351.00000   -8.25508  -19.30849    0.93488
 352.00000   -8.26121  -19.34812    0.93778
 353.00000   -8.26719  -19.38826    0.93954
 354.00000   -8.27224  -19.42878    0.94125
 355.00000   -8.27605  -19.47010    0.94419
 356.00000   -8.27873  -19.51241    0.94885
 357.00000   -8.28051  -19.55569    0.95414
 358.00000   -8.28066  -19.60026    0.95928
 359.00000   -8.27873  -19.64636    0.96407
 360.00000   -8.27559  -19.69312    0.96927
 361.00000   -8.27166  -19.74061    0.97499
 362.00000   -8.26671  -19.78862    0.98090
 363.00000   -8.26078  -19.83618    0.98627
 364.00000   -8.25443  -19.88322    0.99163
 365.00000   -8.24758  -19.92956    0.99759
 366.00000   -8.24027  -19.97504    1.00408
 367.00000   -8.23289  -20.01894    1.01046
 368.00000   -8.22491  -20.06041    1.01633
 369.00000   -8.21630  -20.10007    1.02144
 370.00000   -8.20771  -20.13858    1.02664
 371.00000   -8.19989  -20.17688    1.03263
 372.00000   -8.19294  -20.21638    1.03832
 373.00000   -8.18645  -20.25710    1.04423
 374.00000   -8.18000  -20.29870    1.05128
 375.00000   -8.17376  -20.34027    1.05979
 376.00000   -8.16753  -20.38032    1.06833
 377.00000   -8.16123  -20.41864    1.07629
 378.00000   -8.15482  -20.45528    1.08364
 379.00000   -8.14804  -20.49026    1.09030
 380.00000   -8.14105  -20.52330    1.09639
 381.00000   -8.13382  -20.55491    1.10209
 382.00000   -8.12707  -20.58540    1.10725
 383.00000   -8.12156  -20.61535    1.11291
 384.00000   -8.11779  -20.64458    1.11973
 385.00000   -8.11637  -20.67256    1.12668
 386.00000   -8.11724  -20.69920    1.13191
 387.00000   -8.11968  -20.72447    1.13561
 388.00000   -8.12289  -20.74859    1.13912
 389.00000   -8.12606  -20.77175    1.14273
 390.00000   -8.12883  -20.79503    1.14747
 391.00000   -8.13131  -20.81857    1.15289
 392.00000   -8.13411  -20.84168    1.15814
 393.00000   -8.13699  -20.86523    1.16320
 394.00000   -8.14032  -20.89016    1.16834
 395.00000   -8.14422  -20.91648    1.17429
 396.00000   -8.14769  -20.94378    1.18137
 397.00000   -8.15134  -20.97191    1.19005
 398.00000   -8.15546  -21.00161    1.19851
 399.00000   -8.16000  -21.03361    1.20627
 400.00000   -8.16478  -21.06834    1.21260
 401.00000   -8.16478  -21.06834    1.21260
