# snapshot x y z[kpc/h]
   0.00000    0.01116    0.00304   -0.00419
   1.00000    0.01012    0.00352   -0.00419
   2.00000    0.00771    0.00396   -0.00420
   3.00000    0.00393    0.00435   -0.00416
   4.00000   -0.00120    0.00468   -0.00406
   5.00000   -0.00769    0.00495   -0.00387
   6.00000   -0.01556    0.00513   -0.00353
   7.00000   -0.02481    0.00519   -0.00299
   8.00000   -0.03536    0.00510   -0.00226
   9.00000   -0.04716    0.00491   -0.00134
  10.00000   -0.06028    0.00459   -0.00026
  11.00000   -0.07472    0.00404    0.00092
  12.00000   -0.09042    0.00319    0.00218
  13.00000   -0.10739    0.00208    0.00350
  14.00000   -0.12559    0.00072    0.00485
  15.00000   -0.14506   -0.00088    0.00621
  16.00000   -0.16580   -0.00268    0.00760
  17.00000   -0.18784   -0.00460    0.00902
  18.00000   -0.21122   -0.00661    0.01047
  19.00000   -0.23599   -0.00878    0.01193
  20.00000   -0.26217   -0.01114    0.01342
  21.00000   -0.28979   -0.01376    0.01491
  22.00000   -0.31881   -0.01670    0.01645
  23.00000   -0.34917   -0.01991    0.01807
  24.00000   -0.38086   -0.02333    0.01976
  25.00000   -0.41392   -0.02691    0.02152
  26.00000   -0.44841   -0.03066    0.02331
  27.00000   -0.48437   -0.03464    0.02506
  28.00000   -0.52183   -0.03888    0.02675
  29.00000   -0.56081   -0.04343    0.02832
  30.00000   -0.60130   -0.04830    0.02974
  31.00000   -0.64340   -0.05346    0.03102
  32.00000   -0.68714   -0.05896    0.03216
  33.00000   -0.73249   -0.06484    0.03318
  34.00000   -0.77944   -0.07117    0.03410
  35.00000   -0.82799   -0.07799    0.03496
  36.00000   -0.87811   -0.08539    0.03577
  37.00000   -0.92982   -0.09340    0.03656
  38.00000   -0.98312   -0.10210    0.03731
  39.00000   -1.03794   -0.11148    0.03799
  40.00000   -1.09434   -0.12146    0.03860
  41.00000   -1.15238   -0.13205    0.03917
  42.00000   -1.21208   -0.14323    0.03965
  43.00000   -1.27345   -0.15503    0.04008
  44.00000   -1.33647   -0.16746    0.04050
  45.00000   -1.40119   -0.18045    0.04093
  46.00000   -1.46763   -0.19399    0.04135
  47.00000   -1.53575   -0.20813    0.04172
  48.00000   -1.60555   -0.22286    0.04211
  49.00000   -1.67706   -0.23821    0.04256
  50.00000   -1.75035   -0.25423    0.04300
  51.00000   -1.82544   -0.27106    0.04342
  52.00000   -1.90231   -0.28883    0.04384
  53.00000   -1.98097   -0.30759    0.04430
  54.00000   -2.06132   -0.32734    0.04480
  55.00000   -2.14336   -0.34812    0.04538
  56.00000   -2.22711   -0.36998    0.04597
  57.00000   -2.31256   -0.39296    0.04658
  58.00000   -2.39969   -0.41704    0.04727
  59.00000   -2.48853   -0.44218    0.04808
  60.00000   -2.57910   -0.46840    0.04902
  61.00000   -2.67147   -0.49571    0.05008
  62.00000   -2.76571   -0.52415    0.05127
  63.00000   -2.86180   -0.55377    0.05255
  64.00000   -2.95973   -0.58459    0.05393
  65.00000   -3.05952   -0.61664    0.05536
  66.00000   -3.16124   -0.64995    0.05683
  67.00000   -3.26486   -0.68456    0.05828
  68.00000   -3.37034   -0.72047    0.05974
  69.00000   -3.47766   -0.75761    0.06119
  70.00000   -3.58702   -0.79598    0.06264
  71.00000   -3.69850   -0.83574    0.06412
  72.00000   -3.81217   -0.87698    0.06557
  73.00000   -3.92800   -0.91982    0.06700
  74.00000   -4.04597   -0.96428    0.06840
  75.00000   -4.16617   -1.01043    0.06980
  76.00000   -4.28854   -1.05836    0.07117
  77.00000   -4.41300   -1.10818    0.07247
  78.00000   -4.53951   -1.15998    0.07362
  79.00000   -4.66807   -1.21379    0.07459
  80.00000   -4.79869   -1.26964    0.07539
  81.00000   -4.93142   -1.32757    0.07609
  82.00000   -5.06635   -1.38765    0.07670
  83.00000   -5.20357   -1.44990    0.07727
  84.00000   -5.34319   -1.51440    0.07779
  85.00000   -5.48524   -1.58125    0.07828
  86.00000   -5.62980   -1.65070    0.07878
  87.00000   -5.77684   -1.72291    0.07934
  88.00000   -5.92639   -1.79806    0.07998
  89.00000   -6.07841   -1.87635    0.08069
  90.00000   -6.23287   -1.95788    0.08152
  91.00000   -6.38976   -2.04282    0.08249
  92.00000   -6.54911   -2.13141    0.08356
  93.00000   -6.71100   -2.22386    0.08476
  94.00000   -6.87551   -2.32038    0.08601
  95.00000   -7.04266   -2.42129    0.08727
  96.00000   -7.21244   -2.52694    0.08852
  97.00000   -7.38481   -2.63767    0.08977
  98.00000   -7.55965   -2.75388    0.09104
  99.00000   -7.73686   -2.87598    0.09236
 100.00000   -7.91625   -3.00442    0.09369
 101.00000   -8.09757   -3.13968    0.09506
 102.00000   -8.28051   -3.28226    0.09646
 103.00000   -8.46465   -3.43276    0.09791
 104.00000   -8.64941   -3.59180    0.09943
 105.00000   -8.83389   -3.76008    0.10101
 106.00000   -9.01687   -3.93820    0.10261
 107.00000   -9.19671   -4.12670    0.10421
 108.00000   -9.37126   -4.32572    0.10582
 109.00000   -9.53798   -4.53534    0.10746
 110.00000   -9.69433   -4.75468    0.10914
 111.00000   -9.83795   -4.98218    0.11089
 112.00000   -9.96720   -5.21575    0.11268
 113.00000  -10.08117   -5.45296    0.11452
 114.00000  -10.17978   -5.69152    0.11639
 115.00000  -10.26364   -5.92944    0.11827
 116.00000  -10.33368   -6.16490    0.12016
 117.00000  -10.39096   -6.39656    0.12214
 118.00000  -10.43660   -6.62321    0.12420
 119.00000  -10.47170   -6.84384    0.12635
 120.00000  -10.49729   -7.05753    0.12857
 121.00000  -10.51445   -7.26365    0.13079
 122.00000  -10.52421   -7.46167    0.13292
 123.00000  -10.52765   -7.65122    0.13487
 124.00000  -10.52578   -7.83227    0.13661
 125.00000  -10.51951   -8.00494    0.13810
 126.00000  -10.50938   -8.16955    0.13945
 127.00000  -10.49573   -8.32649    0.14073
 128.00000  -10.47867   -8.47612    0.14195
 129.00000  -10.45832   -8.61875    0.14310
 130.00000  -10.43471   -8.75481    0.14418
 131.00000  -10.40779   -8.88453    0.14532
 132.00000  -10.37750   -9.00807    0.14649
 133.00000  -10.34400   -9.12553    0.14773
 134.00000  -10.30749   -9.23713    0.14905
 135.00000  -10.26813   -9.34302    0.15044
 136.00000  -10.22615   -9.44337    0.15193
 137.00000  -10.18159   -9.53844    0.15352
 138.00000  -10.13457   -9.62857    0.15522
 139.00000  -10.08519   -9.71398    0.15705
 140.00000  -10.03349   -9.79481    0.15904
 141.00000   -9.97957   -9.87115    0.16118
 142.00000   -9.92354   -9.94328    0.16346
 143.00000   -9.86551  -10.01136    0.16590
 144.00000   -9.80560  -10.07553    0.16851
 145.00000   -9.74379  -10.13607    0.17127
 146.00000   -9.68029  -10.19311    0.17414
 147.00000   -9.61528  -10.24692    0.17713
 148.00000   -9.54893  -10.29775    0.18022
 149.00000   -9.48129  -10.34592    0.18337
 150.00000   -9.41235  -10.39173    0.18651
 151.00000   -9.34223  -10.43542    0.18959
 152.00000   -9.27096  -10.47718    0.19263
 153.00000   -9.19865  -10.51715    0.19569
 154.00000   -9.12546  -10.55542    0.19881
 155.00000   -9.05159  -10.59213    0.20194
 156.00000   -8.97723  -10.62741    0.20507
 157.00000   -8.90255  -10.66132    0.20818
 158.00000   -8.82769  -10.69400    0.21131
 159.00000   -8.75281  -10.72547    0.21448
 160.00000   -8.67813  -10.75577    0.21774
 161.00000   -8.60392  -10.78495    0.22103
 162.00000   -8.53036  -10.81311    0.22433
 163.00000   -8.45772  -10.84033    0.22763
 164.00000   -8.38622  -10.86661    0.23089
 165.00000   -8.31607  -10.89189    0.23406
 166.00000   -8.24752  -10.91603    0.23703
 167.00000   -8.18094  -10.93883    0.23981
 168.00000   -8.11669  -10.96012    0.24242
 169.00000   -8.05523  -10.97980    0.24489
 170.00000   -7.99696  -10.99771    0.24730
 171.00000   -7.94221  -11.01371    0.24973
 172.00000   -7.89117  -11.02775    0.25217
 173.00000   -7.84406  -11.03967    0.25468
 174.00000   -7.80111  -11.04945    0.25733
 175.00000   -7.76267  -11.05712    0.26007
 176.00000   -7.72915  -11.06315    0.26294
 177.00000   -7.70115  -11.06805    0.26596
 178.00000   -7.67942  -11.07256    0.26913
 179.00000   -7.66501  -11.07776    0.27238
 180.00000   -7.65918  -11.08602    0.27574
 181.00000   -7.66456  -11.10102    0.27927
 182.00000   -7.68160  -11.12846    0.28295
 183.00000   -7.70659  -11.17207    0.28664
 184.00000   -7.73501  -11.23106    0.29029
 185.00000   -7.76242  -11.30243    0.29390
 186.00000   -7.78816  -11.38060    0.29721
 187.00000   -7.81566  -11.46116    0.30034
 188.00000   -7.84675  -11.54350    0.30311
 189.00000   -7.88210  -11.62777    0.30545
 190.00000   -7.92108  -11.71460    0.30742
 191.00000   -7.96287  -11.80453    0.30910
 192.00000   -8.00659  -11.89765    0.31052
 193.00000   -8.05147  -11.99368    0.31161
 194.00000   -8.09700  -12.09194    0.31246
 195.00000   -8.14278  -12.19168    0.31311
 196.00000   -8.18839  -12.29225    0.31366
 197.00000   -8.23347  -12.39303    0.31419
 198.00000   -8.27721  -12.49403    0.31482
 199.00000   -8.31939  -12.59448    0.31561
 200.00000   -8.35966  -12.69372    0.31687
 201.00000   -8.39769  -12.79160    0.31873
 202.00000   -8.43289  -12.88762    0.32104
 203.00000   -8.46449  -12.98134    0.32385
 204.00000   -8.49183  -13.07223    0.32714
 205.00000   -8.51429  -13.15980    0.33077
 206.00000   -8.53139  -13.24373    0.33453
 207.00000   -8.54321  -13.32345    0.33832
 208.00000   -8.54983  -13.39889    0.34221
 209.00000   -8.55124  -13.46985    0.34610
 210.00000   -8.54768  -13.53613    0.34981
 211.00000   -8.53936  -13.59782    0.35327
 212.00000   -8.52671  -13.65474    0.35643
 213.00000   -8.51066  -13.70600    0.35930
 214.00000   -8.49236  -13.75052    0.36191
 215.00000   -8.47391  -13.78503    0.36442
 216.00000   -8.45906  -13.80520    0.36689
 217.00000   -8.45024  -13.81143    0.36965
 218.00000   -8.44698  -13.80765    0.37350
 219.00000   -8.44645  -13.79884    0.37813
 220.00000   -8.44814  -13.78659    0.38268
 221.00000   -8.45240  -13.77253    0.38684
 222.00000   -8.46007  -13.75757    0.39065
 223.00000   -8.47156  -13.74305    0.39421
 224.00000   -8.48729  -13.72999    0.39774
 225.00000   -8.50701  -13.71928    0.40131
 226.00000   -8.53050  -13.71168    0.40468
 227.00000   -8.55696  -13.70758    0.40737
 228.00000   -8.58509  -13.70737    0.40898
 229.00000   -8.61341  -13.71102    0.40913
 230.00000   -8.64067  -13.71814    0.40810
 231.00000   -8.66567  -13.72857    0.40666
 232.00000   -8.68740  -13.74258    0.40580
 233.00000   -8.70319  -13.76332    0.40645
 234.00000   -8.71021  -13.79499    0.40942
 235.00000   -8.70895  -13.83764    0.41407
 236.00000   -8.70093  -13.88932    0.41852
 237.00000   -8.68637  -13.94774    0.42131
 238.00000   -8.66524  -14.01046    0.42212
 239.00000   -8.63751  -14.07498    0.42162
 240.00000   -8.60316  -14.13912    0.42076
 241.00000   -8.56343  -14.20077    0.42058
 242.00000   -8.51995  -14.25861    0.42173
 243.00000   -8.47541  -14.31142    0.42448
 244.00000   -8.43531  -14.35724    0.42851
 245.00000   -8.40309  -14.39627    0.43261
 246.00000   -8.38023  -14.42939    0.43684
 247.00000   -8.36735  -14.45699    0.44214
 248.00000   -8.36475  -14.47946    0.44881
 249.00000   -8.37189  -14.49792    0.45663
 250.00000   -8.38724  -14.51393    0.46446
 251.00000   -8.40996  -14.52955    0.47191
 252.00000   -8.43913  -14.54679    0.47878
 253.00000   -8.47327  -14.56728    0.48513
 254.00000   -8.50973  -14.59219    0.49142
 255.00000   -8.54652  -14.62167    0.49786
 256.00000   -8.58194  -14.65595    0.50480
 257.00000   -8.61501  -14.69482    0.51218
 258.00000   -8.64556  -14.73627    0.51890
 259.00000   -8.67430  -14.77858    0.52393
 260.00000   -8.70257  -14.82066    0.52700
 261.00000   -8.73097  -14.86235    0.52916
 262.00000   -8.75985  -14.90300    0.53167
 263.00000   -8.78852  -14.94294    0.53528
 264.00000   -8.81655  -14.98337    0.53876
 265.00000   -8.84365  -15.02547    0.54092
 266.00000   -8.86959  -15.06982    0.54234
 267.00000   -8.89330  -15.11644    0.54418
 268.00000   -8.91451  -15.16498    0.54715
 269.00000   -8.93308  -15.21492    0.55094
 270.00000   -8.95009  -15.26584    0.55515
 271.00000   -8.96715  -15.31798    0.56001
 272.00000   -8.98421  -15.37210    0.56501
 273.00000   -9.00047  -15.42879    0.56989
 274.00000   -9.01659  -15.48798    0.57549
 275.00000   -9.03143  -15.54938    0.58209
 276.00000   -9.04313  -15.61362    0.58880
 277.00000   -9.05112  -15.68035    0.59535
 278.00000   -9.05612  -15.74807    0.60213
 279.00000   -9.05979  -15.81673    0.60913
 280.00000   -9.06206  -15.88615    0.61635
 281.00000   -9.06256  -15.95655    0.62317
 282.00000   -9.06124  -16.02818    0.62791
 283.00000   -9.05733  -16.09985    0.63013
 284.00000   -9.05095  -16.16994    0.63156
 285.00000   -9.04350  -16.23915    0.63231
 286.00000   -9.03546  -16.30884    0.63315
 287.00000   -9.02655  -16.37882    0.63426
 288.00000   -9.01562  -16.44866    0.63597
 289.00000   -9.00209  -16.51798    0.63801
 290.00000   -8.98496  -16.58616    0.63948
 291.00000   -8.96465  -16.65315    0.64032
 292.00000   -8.94079  -16.71858    0.64151
 293.00000   -8.91397  -16.78143    0.64350
 294.00000   -8.88602  -16.84102    0.64645
 295.00000   -8.85674  -16.89775    0.65032
 296.00000   -8.82636  -16.95174    0.65417
 297.00000   -8.79580  -17.00349    0.65623
 298.00000   -8.76609  -17.05265    0.65659
 299.00000   -8.73709  -17.09996    0.65685
 300.00000   -8.70764  -17.14681    0.65785
 301.00000   -8.67736  -17.19349    0.65984
 302.00000   -8.64686  -17.23865    0.66352
 303.00000   -8.61650  -17.28187    0.66871
 304.00000   -8.58495  -17.32288    0.67317
 305.00000   -8.55221  -17.36077    0.67614
 306.00000   -8.51945  -17.39603    0.67899
 307.00000   -8.48695  -17.42880    0.68304
 308.00000   -8.45433  -17.45912    0.68755
 309.00000   -8.42223  -17.48700    0.69273
 310.00000   -8.39143  -17.51362    0.69878
 311.00000   -8.36236  -17.53961    0.70433
 312.00000   -8.33555  -17.56565    0.70900
 313.00000   -8.31146  -17.59220    0.71258
 314.00000   -8.28925  -17.62065    0.71612
 315.00000   -8.26874  -17.65137    0.72062
 316.00000   -8.24935  -17.68284    0.72544
 317.00000   -8.23109  -17.71286    0.73082
 318.00000   -8.21402  -17.74040    0.73718
 319.00000   -8.19867  -17.76614    0.74290
 320.00000   -8.18500  -17.79215    0.74721
 321.00000   -8.17367  -17.81889    0.75054
 322.00000   -8.16521  -17.84732    0.75365
 323.00000   -8.15951  -17.87735    0.75703
 324.00000   -8.15530  -17.90877    0.76136
 325.00000   -8.15136  -17.94062    0.76757
 326.00000   -8.14785  -17.97204    0.77348
 327.00000   -8.14507  -18.00298    0.77878
 328.00000   -8.14262  -18.03344    0.78386
 329.00000   -8.14145  -18.06336    0.78891
 330.00000   -8.14250  -18.09369    0.79438
 331.00000   -8.14503  -18.12617    0.79938
 332.00000   -8.14815  -18.16031    0.80461
 333.00000   -8.15281  -18.19570    0.81006
 334.00000   -8.15782  -18.23198    0.81427
 335.00000   -8.16289  -18.26754    0.81797
 336.00000   -8.16861  -18.30243    0.82214
 337.00000   -8.17549  -18.33760    0.82768
 338.00000   -8.18324  -18.37572    0.83487
 339.00000   -8.19057  -18.41760    0.84222
 340.00000   -8.19702  -18.46047    0.85014
 341.00000   -8.20297  -18.50415    0.85766
 342.00000   -8.20877  -18.54860    0.86348
 343.00000   -8.21499  -18.59328    0.86758
 344.00000   -8.22197  -18.63790    0.87134
 345.00000   -8.22942  -18.68264    0.87602
 346.00000   -8.23723  -18.72696    0.88172
 347.00000   -8.24548  -18.77119    0.88733
 348.00000   -8.25352  -18.81586    0.89220
 349.00000   -8.26002  -18.86189    0.89554
 350.00000   -8.26575  -18.90965    0.89850
 351.00000   -8.27161  -18.95863    0.90100
 352.00000   -8.27725  -19.00796    0.90467
 353.00000   -8.28302  -19.05815    0.90991
 354.00000   -8.28903  -19.10792    0.91500
 355.00000   -8.29508  -19.15609    0.91916
 356.00000   -8.30050  -19.20404    0.92280
 357.00000   -8.30445  -19.25312    0.92703
 358.00000   -8.30674  -19.30338    0.93177
 359.00000   -8.30792  -19.35471    0.93690
 360.00000   -8.30837  -19.40685    0.94236
 361.00000   -8.30743  -19.45913    0.94784
 362.00000   -8.30571  -19.51071    0.95399
 363.00000   -8.30390  -19.56118    0.95918
 364.00000   -8.30195  -19.61030    0.96364
 365.00000   -8.29829  -19.65872    0.96832
 366.00000   -8.29308  -19.70699    0.97364
 367.00000   -8.28666  -19.75552    0.98042
 368.00000   -8.27898  -19.80322    0.98824
 369.00000   -8.27048  -19.84933    0.99628
 370.00000   -8.26167  -19.89408    1.00258
 371.00000   -8.25180  -19.93780    1.00728
 372.00000   -8.24155  -19.98009    1.01212
 373.00000   -8.23012  -20.02155    1.01784
 374.00000   -8.21748  -20.06141    1.02579
 375.00000   -8.20390  -20.10059    1.03530
 376.00000   -8.18925  -20.13837    1.04438
 377.00000   -8.17487  -20.17531    1.05214
 378.00000   -8.16121  -20.21185    1.05819
 379.00000   -8.14756  -20.24892    1.06179
 380.00000   -8.13297  -20.28497    1.06567
 381.00000   -8.11819  -20.31992    1.07172
 382.00000   -8.10367  -20.35338    1.07902
 383.00000   -8.08885  -20.38529    1.08630
 384.00000   -8.07471  -20.41565    1.09238
 385.00000   -8.06132  -20.44476    1.09793
 386.00000   -8.04871  -20.47263    1.10382
 387.00000   -8.03851  -20.50016    1.11002
 388.00000   -8.03123  -20.52883    1.11728
 389.00000   -8.02519  -20.55842    1.12465
 390.00000   -8.01767  -20.58792    1.13048
 391.00000   -8.00885  -20.61599    1.13413
 392.00000   -7.99926  -20.64212    1.13731
 393.00000   -7.99132  -20.66570    1.14225
 394.00000   -7.98629  -20.68830    1.14991
 395.00000   -7.98322  -20.71173    1.15941
 396.00000   -7.98059  -20.73671    1.16881
 397.00000   -7.97760  -20.76390    1.17659
 398.00000   -7.97340  -20.79276    1.18254
 399.00000   -7.96785  -20.82170    1.18811
 400.00000   -7.96356  -20.84901    1.19368
 401.00000   -7.96355  -20.84900    1.19368
