# distance [kpc/h]
   0.00384
   0.01098
   0.00871
   0.01386
   0.01022
   0.01919
   0.02258
   0.02303
   0.02518
   0.02105
   0.03151
   0.03579
   0.01248
   0.01656
   0.00316
   0.01498
   0.01392
   0.03406
   0.01777
   0.01786
   0.03017
   0.02672
   0.01263
   0.01599
   0.01126
   0.01400
   0.01173
   0.02535
   0.01992
   0.01988
   0.02513
   0.03663
   0.02101
   0.02223
   0.00656
   0.01136
   0.02308
   0.02467
   0.02318
   0.01499
   0.02184
   0.03742
   0.02552
   0.01980
   0.01095
   0.02189
   0.03076
   0.02432
   0.02099
   0.02448
   0.01850
   0.02404
   0.02207
   0.01995
   0.01401
   0.00927
   0.03573
   0.02744
   0.02715
   0.01588
   0.01041
   0.00828
   0.01240
   0.01348
   0.02655
   0.01450
   0.01960
   0.01020
   0.01731
   0.03184
   0.02618
   0.01487
   0.01775
   0.01945
   0.01517
   0.02244
   0.00693
   0.02160
   0.02625
   0.02597
   0.03081
   0.02381
   0.03219
   0.02496
   0.01654
   0.02295
   0.02143
   0.03120
   0.01973
   0.03069
   0.03331
   0.02341
   0.04496
   0.04702
   0.05134
   0.04793
   0.03611
   0.03121
   0.01216
   0.01985
   0.02648
   0.00607
   0.01115
   0.00752
   0.01774
   0.02218
   0.01436
   0.01389
   0.02398
   0.02638
   0.02376
   0.03634
   0.01803
   0.02447
   0.03421
   0.03676
   0.01566
   0.01079
   0.02350
   0.02044
   0.03726
   0.01516
   0.01470
   0.01229
   0.02756
   0.03167
   0.04483
   0.02492
   0.01946
   0.01084
   0.00537
   0.02256
   0.02968
   0.01082
   0.01140
   0.01672
   0.02835
   0.01229
   0.00992
   0.01467
   0.02311
   0.02171
   0.04347
   0.02827
   0.02321
   0.03128
   0.04868
   0.03391
   0.02690
   0.02815
   0.01851
   0.01633
   0.01037
   0.01084
   0.01252
   0.00659
   0.01882
   0.02235
   0.01174
   0.02083
   0.02753
   0.01405
   0.03155
   0.02104
   0.02247
   0.00746
   0.01353
   0.01688
   0.01299
   0.02064
   0.01115
   0.01782
   0.03180
   0.02336
   0.01209
   0.00495
   0.00894
   0.01101
   0.02529
   0.03553
   0.03671
   0.02954
   0.02223
   0.02264
   0.00304
   0.00992
   0.00436
   0.01116
   0.02234
   0.01411
   0.01300
   0.02533
   0.01801
   0.02066
   0.01429
   0.00642
   0.00980
   0.01675
   0.02157
   0.01419
   0.01315
   0.01898
   0.01198
   0.00562
   0.01701
   0.02496
   0.03070
   0.03142
   0.03594
   0.03112
   0.02018
   0.00761
   0.03298
   0.02596
   0.01315
   0.02414
   0.02548
   0.02754
   0.01771
   0.00366
   0.00520
   0.03149
   0.01927
   0.01946
   0.01624
   0.01475
   0.00933
   0.03329
   0.01700
   0.01165
   0.03000
   0.02619
   0.01723
   0.02461
   0.01651
   0.01594
   0.01272
   0.01154
   0.01471
   0.01406
   0.01632
   0.01382
   0.02098
   0.02135
   0.02224
   0.02413
   0.01652
   0.01471
   0.02062
   0.01229
   0.01390
   0.01501
   0.01243
   0.03725
   0.03691
   0.01269
   0.01193
   0.01419
   0.01613
   0.02170
   0.02626
   0.02678
   0.02907
   0.01147
   0.02300
   0.02436
   0.02772
   0.03487
   0.01354
   0.01806
   0.01446
   0.01532
   0.01586
   0.01299
   0.00694
   0.02104
   0.01239
   0.02354
   0.02777
   0.01669
   0.00998
   0.02489
   0.02357
   0.01410
   0.01638
   0.02523
   0.02374
   0.02834
   0.03235
   0.00910
   0.02172
   0.02836
   0.02546
   0.00864
   0.02369
   0.04192
   0.04140
   0.02310
   0.00863
   0.00203
   0.01182
   0.00918
   0.01729
   0.01109
   0.01438
   0.01527
   0.01804
   0.01055
   0.01057
   0.00641
   0.01554
   0.03689
   0.04862
   0.02089
   0.02109
   0.02358
   0.01439
   0.01893
   0.01861
   0.02427
   0.02885
   0.01947
   0.04305
   0.01936
   0.01017
   0.00917
   0.02864
   0.02946
   0.02222
   0.01908
   0.00838
   0.01231
   0.02562
   0.02007
   0.02683
   0.02928
   0.01659
   0.03885
   0.03386
   0.02096
   0.01295
   0.01488
   0.02993
   0.00425
   0.01035
   0.02067
   0.01371
   0.01675
   0.01646
   0.02966
   0.04608
   0.05564
   0.04106
   0.02705
   0.01549
   0.02101
   0.00923
   0.02856
   0.02734
   0.02454
   0.01693
   0.01592
   0.01782
   0.03253
   0.02012
   0.01430
   0.01757
   0.00649
   0.02135
   0.03568
   0.02884
   0.02094
   0.01634
   0.02372
   0.01632
   0.02499
   0.01699
   0.02985
   0.02232
   0.01237
   0.01567
   0.02142
   0.01423
   0.01989
   0.01948
   0.02675
   0.02615
   0.01491
   0.02076
   0.02222
   0.02644
   0.01049
   0.00799
   0.00959
   0.00984
   0.02440
   0.02903
   0.01838
   0.02313
   0.02589
   0.01923
   0.01923
