# distance [kpc/h]
   0.00384
   0.01099
   0.00875
   0.01409
   0.01061
   0.01878
   0.02291
   0.02252
   0.02523
   0.02013
   0.03176
   0.03320
   0.01158
   0.01769
   0.00355
   0.00877
   0.01497
   0.03149
   0.01342
   0.02499
   0.02720
   0.03779
   0.01804
   0.01346
   0.00678
   0.02433
   0.01750
   0.02262
   0.02780
   0.02468
   0.02554
   0.03124
   0.02759
   0.01667
   0.02109
   0.01692
   0.02735
   0.03357
   0.01799
   0.01564
   0.02260
   0.03284
   0.02317
   0.01539
   0.01527
   0.01115
   0.03924
   0.05166
   0.01692
   0.03133
   0.02169
   0.02254
   0.02388
   0.02175
   0.01312
   0.01708
   0.01075
   0.03197
   0.03541
   0.02186
   0.01567
   0.00720
   0.02096
   0.01609
   0.02498
   0.00828
   0.01081
   0.01197
   0.02594
   0.02577
   0.02326
   0.02795
   0.02724
   0.00897
   0.01051
   0.02151
   0.01196
   0.02038
   0.01751
   0.02254
   0.03178
   0.04103
   0.04318
   0.02967
   0.01539
   0.01198
   0.02297
   0.02130
   0.01234
   0.00678
   0.01910
   0.03614
   0.02359
   0.04183
   0.04587
   0.03909
   0.02278
   0.03739
   0.04028
   0.01390
   0.01602
   0.01358
   0.02128
   0.01396
   0.01796
   0.03645
   0.03802
   0.02548
   0.02825
   0.04205
   0.04278
   0.04019
   0.01078
   0.01307
   0.01434
   0.02760
   0.02562
   0.02425
   0.01826
   0.01585
   0.00969
   0.02511
   0.04502
   0.04452
   0.06368
   0.06342
   0.06522
   0.08425
   0.08878
   0.10826
   0.11828
   0.12653
   0.12325
   0.14066
   0.13789
   0.14233
   0.16192
   0.16053
   0.15899
   0.15641
   0.15670
   0.15624
   0.14698
   0.14218
   0.12621
   0.11784
   0.09981
   0.09090
   0.08060
   0.08358
   0.07904
   0.06742
   0.09222
   0.08246
   0.06616
   0.08654
   0.07887
   0.07402
   0.07481
   0.05808
   0.05769
   0.07941
   0.07574
   0.07382
   0.06172
   0.05285
   0.06576
   0.05634
   0.05176
   0.06496
   0.06683
   0.05202
   0.06727
   0.08291
   0.08661
   0.08511
   0.08246
   0.08289
   0.07433
   0.06581
   0.07673
   0.12534
   0.16713
   0.21071
   0.28112
   0.32812
   0.36871
   0.40383
   0.40891
   0.40955
   0.38635
   0.36292
   0.33203
   0.28762
   0.25226
   0.21817
   0.16668
   0.14057
   0.12502
   0.09608
   0.12687
   0.15370
   0.19754
   0.24271
   0.26300
   0.31610
   0.34619
   0.36886
   0.36203
   0.34592
   0.32528
   0.30752
   0.30369
   0.33892
   0.34658
   0.42148
   0.55115
   0.61759
   0.62788
   0.56702
   0.47058
   0.35748
   0.23451
   0.12670
   0.05299
   0.05233
   0.11964
   0.17135
   0.22960
   0.26801
   0.31357
   0.39436
   0.46741
   0.49900
   0.46046
   0.39705
   0.33690
   0.22718
   0.14029
   0.08004
   0.04271
   0.11580
   0.18895
   0.24679
   0.26928
   0.26425
   0.22423
   0.17497
   0.12376
   0.08780
   0.06582
   0.10071
   0.07922
   0.03753
   0.05082
   0.10052
   0.17595
   0.18594
   0.15829
   0.14567
   0.11725
   0.13006
   0.12569
   0.15232
   0.20080
   0.19196
   0.19694
   0.20358
   0.20831
   0.23905
   0.22890
   0.22468
   0.22472
   0.20491
   0.16627
   0.15624
   0.12167
   0.13170
   0.12143
   0.07491
   0.03521
   0.03100
   0.05132
   0.08394
   0.10167
   0.09223
   0.12294
   0.16013
   0.15228
   0.17381
   0.18927
   0.19431
   0.19564
   0.19076
   0.20271
   0.18570
   0.19351
   0.18188
   0.16836
   0.16124
   0.13641
   0.13936
   0.10686
   0.11642
   0.10309
   0.08138
   0.06703
   0.06900
   0.07987
   0.09014
   0.07190
   0.06103
   0.05430
   0.03542
   0.02502
   0.02641
   0.05924
   0.08054
   0.08323
   0.09844
   0.10354
   0.10849
   0.10957
   0.10809
   0.10307
   0.09501
   0.10472
   0.08662
   0.07953
   0.08511
   0.07840
   0.06964
   0.06181
   0.04002
   0.03214
   0.02091
   0.01559
   0.01570
   0.02353
   0.04411
   0.02458
   0.03412
   0.04003
   0.03857
   0.04594
   0.05060
   0.05947
   0.07872
   0.08454
   0.08675
   0.09371
   0.11390
   0.12827
   0.11868
   0.13794
   0.12111
   0.11038
   0.11770
   0.09987
   0.11596
   0.09103
   0.10398
   0.08594
   0.07265
   0.06246
   0.05129
   0.05549
   0.02648
   0.04313
   0.01802
   0.03096
   0.02349
   0.04352
   0.04250
   0.06347
   0.04353
   0.07443
   0.07582
   0.08296
   0.08945
   0.10275
   0.10332
   0.09534
   0.09667
   0.08563
   0.09367
   0.09187
   0.06919
   0.07729
   0.07567
   0.06356
   0.07001
   0.05670
   0.06922
   0.05682
   0.06220
   0.05503
   0.04449
   0.03675
   0.03973
   0.03415
   0.03415
